DEPTH_WMSF	HCGR
0.1524	-0.1063
0.3048	-0.2729
0.4572	-0.0033
0.6096	-0.1943
0.762	-0.362
0.9144	0.619
1.0668	-0.4306
1.2192	0.3992
1.3716	1.1008
1.524	0.9045
1.6764	1.0351
1.8288	1.7592
1.9812	2.0811
2.1336	2.9011
2.286	3.1511
2.4384	3.6798
2.5908	2.3038
2.7432	3.0477
2.8956	2.4894
3.048	1.7469
3.2004	1.7697
3.3528	2.0277
3.5052	1.8907
3.6576	2.1064
3.81	1.4259
3.9624	1.7073
4.1148	1.8171
4.2672	1.6927
4.4196	1.2196
4.572	1.2033
4.7244	1.1419
4.8768	1.0992
5.0292	0.4273
5.1816	0.0826
5.334	0.4452
5.4864	0.4082
5.6388	0.2159
5.7912	0.578
5.9436	0.8162
6.096	0.8282
6.2484	0.9172
6.4008	0.826
6.5532	0.9472
6.7056	1.1216
6.858	1.7383
7.0104	1.1842
7.1628	1.2996
7.3152	1.4289
7.4676	1.3298
7.62	1.1529
7.7724	1.4706
7.9248	1.8283
8.0772	2.1813
8.2296	1.8196
8.382	1.523
8.5344	0.6184
8.6868	1.0526
8.8392	1.3477
8.9916	1.5522
9.144	1.1177
9.2964	1.2016
9.4488	0.9988
9.6012	1.2268
9.7536	1.0758
9.906	1.0019
10.0584	0.8331
10.2108	1.0224
10.3632	0.9132
10.5156	0.8494
10.668	0.8539
10.8204	1.1109
10.9728	1.1825
11.1252	0.995
11.2776	1.135
11.43	1.3382
11.5824	1.6293
11.7348	2.0075
11.8872	2.706
12.0396	2.2329
12.192	2.0663
12.3444	2.2389
12.4968	1.9988
12.6492	2.0211
12.8016	2.879
12.954	2.5072
13.1064	2.6936
13.2588	2.3545
13.4112	2.9633
13.5636	2.3996
13.716	2.2666
13.8684	1.8982
14.0208	2.2954
14.1732	2.0506
14.3256	1.4774
14.478	0.9045
14.6304	0.1515
14.7828	-0.6497
14.9352	-0.4869
15.0876	-0.3792
15.24	-0.5019
15.3924	-0.5577
15.5448	-0.507
15.6972	-0.9298
15.8496	-0.7783
16.002	-0.4865
16.1544	-0.1944
16.3068	0.8621
16.4592	1.6486
16.6116	1.3008
16.764	1.8628
16.9164	1.7822
17.0688	1.8331
17.2212	2.3109
17.3736	2.4692
17.526	1.9878
17.6784	1.5948
17.8308	1.7878
17.9832	2.3588
18.1356	2.3195
18.288	2.5624
18.4404	1.9474
18.5928	1.8802
18.7452	2.2834
18.8976	2.1738
19.05	3.2893
19.2024	3.1118
19.3548	3.3795
19.5072	2.754
19.6596	2.75
19.812	2.424
19.9644	2.9486
20.1168	3.8321
20.2692	3.9834
20.4216	3.785
20.574	3.2183
20.7264	2.5133
20.8788	2.7902
21.0312	2.5395
21.1836	2.5368
21.336	2.5082
21.4884	2.9229
21.6408	2.6828
21.7932	2.443
21.9456	2.4743
22.098	2.7434
22.2504	1.8928
22.4028	2.8046
22.5552	2.619
22.7076	2.3614
22.86	2.2256
23.0124	2.5344
23.1648	2.4349
23.3172	2.6183
23.4696	2.2874
23.622	1.6345
23.7744	1.6637
23.9268	2.5153
24.0792	2.1807
24.2316	1.719
24.384	2.4082
24.5364	2.8506
24.6888	2.2337
24.8412	2.5224
24.9936	3.0941
25.146	4.2513
25.2984	4.8538
25.4508	4.4517
25.6032	3.938
25.7556	3.8909
25.908	4.6034
26.0604	4.0918
26.2128	3.4922
26.3652	2.8501
26.5176	1.9547
26.67	1.7952
26.8224	2.2602
26.9748	2.3629
27.1272	2.2232
27.2796	1.9874
27.432	1.6592
27.5844	1.3575
27.7368	1.1291
27.8892	1.1547
28.0416	1.7636
28.194	2.6414
28.3464	2.19
28.4988	1.2994
28.6512	1.9933
28.8036	1.9763
28.956	2.2775
29.1084	1.8012
29.2608	1.7328
29.4132	1.6742
29.5656	1.187
29.718	0.742
29.8704	0.8188
30.0228	1.7616
30.1752	1.7483
30.3276	1.0449
30.48	0.5616
30.6324	0.9669
30.7848	0.9977
30.9372	1.2895
31.0896	1.3347
31.242	2.3833
31.3944	2.9277
31.5468	3.1141
31.6992	2.7105
31.8516	2.5395
32.004	2.9167
32.1564	2.2855
32.3088	2.4002
32.4612	1.7044
32.6136	1.9394
32.766	2.0703
32.9184	1.2955
33.0708	1.3495
33.2232	0.6697
33.3756	1.0634
33.528	1.4822
33.6804	1.5911
33.8328	2.6999
33.9852	2.181
34.1376	2.0819
34.29	1.6151
34.4424	1.1044
34.5948	2.0363
34.7472	2.2686
34.8996	3.0866
35.052	2.1088
35.2044	1.658
35.3568	1.3311
35.5092	1.6403
35.6616	2.503
35.814	2.0572
35.9664	2.1161
36.1188	2.3944
36.2712	2.6001
36.4236	2.1612
36.576	1.2298
36.7284	1.3969
36.8808	1.4428
37.0332	1.5203
37.1856	1.2524
37.338	0.8327
37.4904	1.781
37.6428	1.5142
37.7952	1.6926
37.9476	1.9591
38.1	2.0013
38.2524	2.0799
38.4048	2.4165
38.5572	2.4974
38.7096	2.3579
38.862	2.1362
39.0144	2.2622
39.1668	1.4905
39.3192	1.8779
39.4716	1.7465
39.624	1.8306
39.7764	1.7611
39.9288	1.9192
40.0812	0.7081
40.2336	0.717
40.386	0.4396
40.5384	0.6392
40.6908	1.0273
40.8432	0.6776
40.9956	0.0359
41.148	0.2724
41.3004	0.0569
41.4528	0.2048
41.6052	0.3463
41.7576	1.0086
41.91	1.2861
42.0624	1.3558
42.2148	1.0767
42.3672	1.2782
42.5196	0.9836
42.672	1.492
42.8244	1.0269
42.9768	1.524
43.1292	2.0338
43.2816	2.4226
43.434	2.9643
43.5864	2.3884
43.7388	2.5422
43.8912	2.6745
44.0436	2.5368
44.196	3.165
44.3484	2.4962
44.5008	2.9304
44.6532	2.5324
44.8056	3.5942
44.958	3.7884
45.1104	3.1491
45.2628	3.144
45.4152	3.9018
45.5676	4.4566
45.72	3.693
45.8724	2.203
46.0248	1.5439
46.1772	1.8479
46.3296	2.0829
46.482	0.7182
46.6344	0.7882
46.7868	0.6639
46.9392	1.5403
47.0916	1.0811
47.244	0.5059
47.3964	0.4341
47.5488	0.8702
47.7012	0.7693
47.8536	0.538
48.006	1.0699
48.1584	1.7756
48.3108	3.4423
48.4632	3.1596
48.6156	1.9316
48.768	2.3779
48.9204	2.3391
49.0728	3.3597
49.2252	2.6017
49.3776	3.067
49.53	2.5292
49.6824	1.9815
49.8348	1.5886
49.9872	1.4122
50.1396	2.4233
50.292	3.2458
50.4444	2.8196
50.5968	2.9489
50.7492	2.1518
50.9016	2.0967
51.054	2.2224
51.2064	2.7299
51.3588	2.8422
51.5112	3.6628
51.6636	3.275
51.816	2.2928
51.9684	1.8545
52.1208	1.8257
52.2732	1.395
52.4256	1.5818
52.578	1.9755
52.7304	1.6854
52.8828	1.5234
53.0352	2.0837
53.1876	1.8242
53.34	2.0726
53.4924	2.1846
53.6448	2.1984
53.7972	2.7498
53.9496	2.1911
54.102	2.0979
54.2544	1.0884
54.4068	1.2712
54.5592	1.4111
54.7116	1.4393
54.864	1.033
55.0164	0.7541
55.1688	0.6108
55.3212	0.2246
55.4736	-0.1225
55.626	-0.1153
55.7784	-0.0049
55.9308	0.4903
56.0832	0.3146
56.2356	1.3425
56.388	1.4286
56.5404	2.0545
56.6928	1.7417
56.8452	2.2741
56.9976	1.6661
57.15	1.5073
57.3024	1.1829
57.4548	1.3746
57.6072	1.3269
57.7596	2.2198
57.912	1.666
58.0644	2.0448
58.2168	1.61
58.3692	1.7927
58.5216	1.3576
58.674	1.4128
58.8264	1.3834
58.9788	1.4793
59.1312	1.2685
59.2836	1.1149
59.436	0.7732
59.5884	0.5579
59.7408	0.4848
59.8932	0.7897
60.0456	0.417
60.198	0.8955
60.3504	1.2165
60.5028	1.1721
60.6552	1.799
60.8076	1.5171
60.96	1.6531
61.1124	1.7781
61.2648	1.8503
61.4172	1.4187
61.5696	1.3657
61.722	1.3326
61.8744	1.1506
62.0268	1.1483
62.1792	1.6726
62.3316	1.5502
62.484	1.6714
62.6364	2.0743
62.7888	1.1801
62.9412	1.0328
63.0936	1.7187
63.246	1.6247
63.3984	2.6537
63.5508	3.1135
63.7032	3.4711
63.8556	2.6728
64.008	2.6218
64.1604	2.477
64.3128	2.8332
64.4652	4.1472
64.6176	3.7664
64.77	3.5858
64.9224	3.1166
65.0748	2.2333
65.2272	2.2604
65.3796	2.4967
65.532	2.6581
65.6844	2.2073
65.8368	2.7524
65.9892	2.5991
66.1416	2.0932
66.294	1.6365
66.4464	0.8589
66.5988	0.8983
66.7512	0.5257
66.9036	-0.0149
67.056	-0.3794
67.2084	0.0455
67.3608	0.2719
67.5132	0.5852
67.6656	0.7419
67.818	0.5556
67.9704	0.7803
68.1228	1.4403
68.2752	1.8704
68.4276	3.1672
68.58	3.0117
68.7324	4.2167
68.8848	2.9012
69.0372	3.0784
69.1896	2.4741
69.342	2.2469
69.4944	2.4962
69.6468	2.4921
69.7992	2.4556
69.9516	2.2867
70.104	1.8173
70.2564	2.2082
70.4088	1.224
70.5612	1.8858
70.7136	1.827
70.866	1.5521
71.0184	1.6454
71.1708	1.5321
71.3232	1.462
71.4756	1.3388
71.628	0.9742
71.7804	1.1738
71.9328	0.7499
72.0852	1.2877
72.2376	1.5824
72.39	1.2456
72.5424	1.6848
72.6948	1.6876
72.8472	2.7185
72.9996	2.468
73.152	2.5765
73.3044	2.7871
73.4568	2.4576
73.6092	3.0141
73.7616	2.8379
73.914	2.7789
74.0664	3.5127
74.2188	3.0704
74.3712	2.3335
74.5236	1.7236
74.676	1.5575
74.8284	1.5412
74.9808	1.6121
75.1332	1.4783
75.2856	1.1123
75.438	0.8162
75.5904	0.5741
75.7428	0.2122
75.8952	-0.1352
76.0476	-0.1777
76.2	0.0679
76.3524	0.478
76.5048	0.6234
76.6572	0.7504
76.8096	1.5153
76.962	1.5896
77.1144	1.7481
77.2668	2.1453
77.4192	1.6497
77.5716	3.3813
77.724	3.3376
77.8764	3.3379
78.0288	3.1483
78.1812	2.9468
78.3336	3.0325
78.486	2.846
78.6384	3.2674
78.7908	3.0838
78.9432	3.1615
79.0956	3.342
79.248	1.2894
79.4004	1.2654
79.5528	1.115
79.7052	1.6152
79.8576	2.5071
80.01	1.8524
80.1624	2.3793
80.3148	1.8015
80.4672	1.6515
80.6196	2.0074
80.772	3.233
80.9244	3.9864
81.0768	3.3973
81.2292	2.782
81.3816	2.6386
81.534	2.1131
81.6864	2.6312
81.8388	1.8228
81.9912	1.9682
82.1436	2.5583
82.296	1.727
82.4484	1.2028
82.6008	1.0624
82.7532	1.0731
82.9056	1.1011
83.058	1.0327
83.2104	1.6077
83.3628	2.5106
83.5152	2.6596
83.6676	1.6838
83.82	1.5982
83.9724	2.036
84.1248	4.0921
84.2772	5.882
84.4296	7.7226
84.582	8.4257
84.7344	9.5331
84.8868	8.9235
85.0392	8.0723
85.1916	7.5313
85.344	9.9748
85.4964	8.8995
85.6488	8.1505
85.8012	7.6839
85.9536	8.52
86.106	8.516
86.2584	8.8041
86.4108	8.1074
86.5632	8.8304
86.7156	8.356
86.868	9.5108
87.0204	8.7262
87.1728	9.0924
87.3252	9.8001
87.4776	9.9239
87.63	9.5729
87.7824	10.1267
87.9348	9.6671
88.0872	9.4435
88.2396	8.9701
88.392	9.9245
88.5444	9.822
88.6968	10.8462
88.8492	9.8182
89.0016	10.1012
89.154	9.4799
89.3064	12.2008
89.4588	12.3669
89.6112	12.961
89.7636	11.0137
89.916	11.4739
90.0684	10.0582
90.2208	9.1818
90.3732	9.3348
90.5256	10.5501
90.678	11.0993
90.8304	11.1234
90.9828	10.0202
91.1352	9.157
91.2876	8.7161
91.44	9.8628
91.5924	8.718
91.7448	9.586
91.8972	11.3881
92.0496	10.4589
92.202	9.0188
92.3544	9.0003
92.5068	7.2784
92.6592	7.2144
92.8116	8.0187
92.964	9.5561
93.1164	8.8576
93.2688	9.2932
93.4212	9.5015
93.5736	8.4735
93.726	9.0088
93.8784	9.3935
94.0308	9.5245
94.1832	9.1986
94.3356	10.1886
94.488	9.5656
94.6404	10.0979
94.7928	12.2443
94.9452	11.7746
95.0976	10.9928
95.25	10.7351
95.4024	10.8328
95.5548	10.5938
95.7072	13.3397
95.8596	13.5696
96.012	12.835
96.1644	12.6307
96.3168	12.3024
96.4692	11.7856
96.6216	12.8297
96.774	13.8781
96.9264	14.3818
97.0788	14.4801
97.2312	14.1769
97.3836	14.1642
97.536	15.1408
97.6884	15.4495
97.8408	13.8689
97.9932	13.2536
98.1456	12.0277
98.298	11.6604
98.4504	11.3127
98.6028	11.1704
98.7552	11.296
98.9076	10.8163
99.06	10.5742
99.2124	10.3056
99.3648	10.3342
99.5172	10.5336
99.6696	11.6613
99.822	12.1471
99.9744	10.9718
100.1268	11.885
100.2792	10.9792
100.4316	10.0806
100.584	11.7895
100.7364	11.8692
100.8888	10.0192
101.0412	8.735
101.1936	9.4635
101.346	8.4962
101.4984	10.6117
101.6508	9.9516
101.8032	8.6452
101.9556	9.523
102.108	10.2573
102.2604	10.9534
102.4128	10.7343
102.5652	11.8279
102.7176	11.6381
102.87	12.2464
103.0224	13.0273
103.1748	13.0832
103.3272	12.7719
103.4796	13.3599
103.632	13.2855
103.7844	13.8103
103.9368	11.9778
104.0892	12.0512
104.2416	11.4775
104.394	11.3037
104.5464	10.1693
104.6988	10.4836
104.8512	9.7893
105.0036	9.8575
105.156	8.6027
105.3084	8.1542
105.4608	8.6111
105.6132	9.8057
105.7656	9.7184
105.918	10.6188
106.0704	11.9051
106.2228	10.9729
106.3752	10.4834
106.5276	8.8064
106.68	8.7554
106.8324	9.5823
106.9848	8.8069
107.1372	9.4291
107.2896	10.2107
107.442	10.8368
107.5944	10.0299
107.7468	9.1432
107.8992	9.5418
108.0516	9.9388
108.204	10.3618
108.3564	9.464
108.5088	9.2295
108.6612	8.8523
108.8136	8.6426
108.966	7.3292
109.1184	7.6331
109.2708	7.8624
109.4232	7.1154
109.5756	7.5833
109.728	7.4204
109.8804	8.9872
110.0328	8.6096
110.1852	9.7602
110.3376	10.0126
110.49	10.0608
110.6424	9.8415
110.7948	11.7347
110.9472	11.2026
111.0996	12.0048
111.252	11.7426
111.4044	12.9237
111.5568	13.3448
111.7092	14.1128
111.8616	13.8369
112.014	13.6564
112.1664	13.1606
112.3188	13.2911
112.4712	12.5934
112.6236	12.0323
112.776	12.158
112.9284	11.3451
113.0808	10.6501
113.2332	12.363
113.3856	12.0864
113.538	10.4128
113.6904	10.3798
113.8428	10.2272
113.9952	10.3076
114.1476	10.9551
114.3	11.6872
114.4524	10.3489
114.6048	9.3719
114.7572	8.3928
114.9096	8.0063
115.062	9.0931
115.2144	9.8656
115.3668	7.7937
115.5192	8.4813
115.6716	8.4861
115.824	8.6241
115.9764	8.5748
116.1288	8.1308
116.2812	8.8668
116.4336	10.3908
116.586	11.7645
116.7384	12.4237
116.8908	13.0026
117.0432	13.7567
117.1956	13.0529
117.348	13.8955
117.5004	13.765
117.6528	13.444
117.8052	13.2321
117.9576	13.069
118.11	11.791
118.2624	10.8277
118.4148	10.0884
118.5672	10.2309
118.7196	10.0528
118.872	10.1039
119.0244	9.2778
119.1768	10.653
119.3292	10.4515
119.4816	10.5166
119.634	11.2753
119.7864	11.6145
119.9388	11.5478
120.0912	11.3129
120.2436	11.6044
120.396	11.2055
120.5484	9.714
120.7008	8.4797
120.8532	8.5132
121.0056	8.307
121.158	8.1171
121.3104	8.1427
121.4628	8.2178
121.6152	7.264
121.7676	7.5167
121.92	6.4433
122.0724	7.8525
122.2248	8.743
122.3772	9.6013
122.5296	8.003
122.682	8.8687
122.8344	10.4494
122.9868	10.575
123.1392	10.9208
123.2916	11.0661
123.444	10.7942
123.5964	9.8602
123.7488	7.9483
123.9012	8.1678
124.0536	9.2434
124.206	9.4412
124.3584	9.3416
124.5108	9.1537
124.6632	9.8138
124.8156	10.7464
124.968	10.5518
125.1204	8.9794
125.2728	8.9949
125.4252	8.1339
125.5776	7.79
125.73	7.6091
125.8824	8.6277
126.0348	9.4035
126.1872	9.3952
126.3396	10.2321
126.492	10.7499
126.6444	11.3954
126.7968	12.4057
126.9492	12.135
127.1016	12.4904
127.254	12.6633
127.4064	11.8183
127.5588	12.126
127.7112	11.4629
127.8636	11.9581
128.016	12.1021
128.1684	10.3844
128.3208	9.8788
128.4732	8.2162
128.6256	8.4719
128.778	8.7234
128.9304	8.9847
129.0828	9.8518
129.2352	9.0744
129.3876	10.2625
129.54	9.7018
129.6924	9.3608
129.8448	9.8862
129.9972	9.6699
130.1496	9.2238
130.302	9.2928
130.4544	9.8557
130.6068	10.7798
130.7592	11.2026
130.9116	11.8834
131.064	11.7229
131.2164	11.1068
131.3688	11.8289
131.5212	10.9277
131.6736	10.9308
131.826	11.1372
131.9784	12.2473
132.1308	10.7345
132.2832	11.1852
132.4356	11.6657
132.588	12.6178
132.7404	12.817
132.8928	11.8056
133.0452	8.7034
133.1976	8.4778
133.35	9.08
133.5024	8.4262
133.6548	8.4429
133.8072	8.4734
133.9596	8.711
134.112	9.6212
134.2644	10.106
134.4168	9.3039
134.5692	10.3654
134.7216	12.1712
134.874	11.8958
135.0264	11.8771
135.1788	11.7178
135.3312	10.3648
135.4836	10.7956
135.636	12.1179
135.7884	12.449
135.9408	12.4638
136.0932	11.9818
136.2456	10.6298
136.398	10.2948
136.5504	9.7614
136.7028	10.1702
136.8552	12.1549
137.0076	11.3498
137.16	11.6723
137.3124	10.461
137.4648	10.3108
137.6172	11.3145
137.7696	11.0971
137.922	13.6918
138.0744	13.6657
138.2268	13.6108
138.3792	11.9623
138.5316	11.3667
138.684	11.8473
138.8364	13.0487
138.9888	13.3223
139.1412	13.8358
139.2936	12.3805
139.446	12.867
139.5984	11.3923
139.7508	12.3199
139.9032	12.9827
140.0556	14.2282
140.208	13.8071
140.3604	14.9915
140.5128	13.6175
140.6652	14.4832
140.8176	15.2002
140.97	16.7627
141.1224	15.8381
141.2748	16.2567
141.4272	16.1781
141.5796	14.2108
141.732	13.1276
141.8844	12.1483
142.0368	11.2105
142.1892	11.8819
142.3416	12.5995
142.494	13.0262
142.6464	13.0134
142.7988	12.2964
142.9512	10.76
143.1036	8.5601
143.256	9.0123
143.4084	9.306
143.5608	9.9404
143.7132	9.8405
143.8656	8.8345
144.018	9.3115
144.1704	9.278
144.3228	8.5899
144.4752	8.7472
144.6276	10.0617
144.78	11.9244
144.9324	11.7103
145.0848	12.2045
145.2372	11.7036
145.3896	13.9587
145.542	14.3536
145.6944	14.8769
145.8468	16.6359
145.9992	17.6522
146.1516	17.7601
146.304	16.1926
146.4564	15.687
146.6088	15.1768
146.7612	15.2861
146.9136	14.0603
147.066	13.0305
147.2184	13.6666
147.3708	13.7548
147.5232	15.6906
147.6756	16.9502
147.828	17.0904
147.9804	16.8719
148.1328	17.881
148.2852	19.1176
148.4376	17.9317
148.59	17.8966
148.7424	16.6492
148.8948	17.1546
149.0472	16.9588
149.1996	15.7646
149.352	14.311
149.5044	13.4927
149.6568	12.3383
149.8092	12.5465
149.9616	11.6211
150.114	12.6726
150.2664	10.3455
150.4188	10.3746
150.5712	10.7565
150.7236	11.2805
150.876	11.6647
151.0284	12.6072
151.1808	14.3054
151.3332	14.7243
151.4856	14.4732
151.638	13.9005
151.7904	12.6189
151.9428	13.389
152.0952	13.2072
152.2476	11.4307
152.4	10.3596
152.5524	11.2618
152.7048	11.7653
152.8572	12.0247
153.0096	11.8298
153.162	12.738
153.3144	14.3303
153.4668	16.2385
153.6192	15.1972
153.7716	15.771
153.924	15.4328
154.0764	16.4763
154.2288	17.8705
154.3812	18.8646
154.5336	19.5536
154.686	19.0037
154.8384	17.2967
154.9908	14.8164
155.1432	15.6904
155.2956	15.9754
155.448	15.7019
155.6004	15.9471
155.7528	17.784
155.9052	16.5336
156.0576	15.1636
156.21	15.7909
156.3624	17.8145
156.5148	17.6698
156.6672	19.9343
156.8196	17.8503
156.972	18.4407
157.1244	18.3887
157.2768	18.4373
157.4292	17.1852
157.5816	17.5363
157.734	18.7246
157.8864	21.1331
158.0388	23.0253
158.1912	23.2561
158.3436	22.9143
158.496	23.1234
158.6484	23.7447
158.8008	24.9545
158.9532	27.2562
159.1056	27.7272
159.258	27.6814
159.4104	25.9583
159.5628	23.0653
159.7152	21.9243
159.8676	20.2425
160.02	18.6981
160.1724	18.0889
160.3248	18.7792
160.4772	19.0272
160.6296	18.8037
160.782	18.1319
160.9344	17.5529
161.0868	18.2454
161.2392	20.4573
161.3916	22.116
161.544	24.593
161.6964	24.4886
161.8488	24.6686
162.0012	23.3757
162.1536	23.5476
162.306	24.1804
162.4584	21.6612
162.6108	20.5868
162.7632	20.8279
162.9156	21.3044
163.068	21.728
163.2204	24.3394
163.3728	25.3206
163.5252	26.1776
163.6776	25.4483
163.83	25.1379
163.9824	25.0473
164.1348	27.0232
164.2872	27.2784
164.4396	28.8752
164.592	30.9321
164.7444	33.1961
164.8968	31.3342
165.0492	30.6467
165.2016	31.2275
165.354	31.5525
165.5064	31.8395
165.6588	32.026
165.8112	34.2934
165.9636	35.6627
166.116	34.8284
166.2684	31.3562
166.4208	28.4502
166.5732	26.9688
166.7256	25.5347
166.878	22.2892
167.0304	21.7163
167.1828	21.3143
167.3352	22.1215
167.4876	22.3834
167.64	24.454
167.7924	26.2608
167.9448	27.6478
168.0972	26.1822
168.2496	25.3006
168.402	21.9878
168.5544	22.5391
168.7068	20.7527
168.8592	20.3979
169.0116	20.4763
169.164	20.7397
169.3164	20.829
169.4688	20.6653
169.6212	21.9234
169.7736	22.7062
169.926	21.1802
170.0784	22.4705
170.2308	23.5998
170.3832	26.2763
170.5356	29.7582
170.688	30.7882
170.8404	29.5146
170.9928	30.5276
171.1452	30.0198
171.2976	30.5404
171.45	31.6778
171.6024	31.8078
171.7548	28.8696
171.9072	29.3903
172.0596	29.2693
172.212	26.7403
172.3644	25.5589
172.5168	27.1227
172.6692	27.7492
172.8216	27.0056
172.974	23.668
173.1264	24.2026
173.2788	25.6266
173.4312	26.6675
173.5836	25.8659
173.736	25.446
173.8884	24.5823
174.0408	24.0944
174.1932	22.6078
174.3456	21.9019
174.498	22.8565
174.6504	23.7364
174.8028	24.5494
174.9552	26.0525
175.1076	26.4493
175.26	26.2579
175.4124	30.9217
175.5648	29.2712
175.7172	26.6818
175.8696	24.3159
176.022	24.916
176.1744	26.5594
176.3268	28.2337
176.4792	29.3231
176.6316	28.7497
176.784	28.9744
176.9364	27.9904
177.0888	22.8831
177.2412	22.3055
177.3936	21.6341
177.546	21.8853
177.6984	20.1476
177.8508	17.9314
178.0032	16.843
178.1556	16.4792
178.308	16.6054
178.4604	13.6966
178.6128	13.3739
178.7652	14.7393
178.9176	14.4632
179.07	15.9778
179.2224	17.6157
179.3748	17.5265
179.5272	18.6906
179.6796	19.9974
179.832	21.6432
179.9844	22.264
180.1368	25.5507
180.2892	26.2983
180.4416	27.1245
180.594	27.1434
180.7464	24.8673
180.8988	23.5544
181.0512	22.9007
181.2036	21.7522
181.356	19.828
181.5084	20.7554
181.6608	25.0608
181.8132	22.5551
181.9656	23.0033
182.118	22.5893
182.2704	23.8287
182.4228	24.3012
182.5752	25.3536
182.7276	26.071
182.88	26.4246
183.0324	28.1758
183.1848	26.652
183.3372	23.3819
183.4896	22.1704
183.642	22.2832
183.7944	22.3698
183.9468	22.6663
184.0992	20.434
184.2516	20.1919
184.404	18.8431
184.5564	19.457
184.7088	20.1282
184.8612	22.029
185.0136	21.0251
185.166	23.1755
185.3184	23.5926
185.4708	27.0641
185.6232	27.6643
185.7756	29.64
185.928	26.0057
186.0804	25.7487
186.2328	25.4765
186.3852	25.8062
186.5376	26.3996
186.69	30.1517
186.8424	31.0653
186.9948	32.9974
187.1472	32.6032
187.2996	32.1581
187.452	31.1805
187.6044	32.012
187.7568	31.5568
187.9092	28.2993
188.0616	26.5047
188.214	23.9039
188.3664	25.9113
188.5188	26.5125
188.6712	29.2863
188.8236	26.2262
188.976	26.9348
189.1284	25.6154
189.2808	24.8133
189.4332	23.5437
189.5856	23.4588
189.738	22.2838
189.8904	22.6351
190.0428	23.2921
190.1952	24.9284
190.3476	25.0255
190.5	24.4644
190.6524	24.0188
190.8048	26.4331
190.9572	29.2342
191.1096	29.7624
191.262	25.4909
191.4144	23.8866
191.5668	21.1317
191.7192	23.4322
191.8716	21.7421
192.024	20.5392
192.1764	20.3576
192.3288	21.3532
192.4812	23.6136
192.6336	21.8007
192.786	22.5777
192.9384	23.7668
193.0908	24.4459
193.2432	23.9993
193.3956	25.3762
193.548	26.0468
193.7004	27.4778
193.8528	29.7477
194.0052	34.2038
194.1576	35.8372
194.31	36.4146
194.4624	36.9633
194.6148	35.938
194.7672	38.2362
194.9196	37.6147
195.072	36.2046
195.2244	34.5435
195.3768	34.0739
195.5292	31.7435
195.6816	31.9797
195.834	32.244
195.9864	35.2931
196.1388	35.4152
196.2912	33.6662
196.4436	29.8711
196.596	26.2325
196.7484	23.6547
196.9008	23.017
197.0532	21.6796
197.2056	22.0726
197.358	23.6467
197.5104	23.3615
197.6628	23.7185
197.8152	21.1064
197.9676	20.4738
198.12	21.0949
198.2724	20.1874
198.4248	19.141
198.5772	17.0465
198.7296	18.2198
198.882	19.7315
199.0344	20.2278
199.1868	20.9255
199.3392	21.2801
199.4916	25.6753
199.644	24.9295
199.7964	21.8635
199.9488	22.8475
200.1012	26.182
200.2536	29.0219
200.406	29.7244
200.5584	29.8735
200.7108	27.535
200.8632	29.7036
201.0156	28.9075
201.168	27.743
201.3204	26.753
201.4728	28.3958
201.6252	29.3219
201.7776	31.1598
201.93	31.4853
202.0824	29.6092
202.2348	26.9588
202.3872	25.6854
202.5396	24.4636
202.692	24.0922
202.8444	25.4131
202.9968	24.5929
203.1492	24.2002
203.3016	23.2498
203.454	21.0445
203.6064	19.1774
203.7588	20.0224
203.9112	22.8274
204.0636	27.7695
204.216	30.5924
204.3684	32.8439
204.5208	29.4111
204.6732	27.2602
204.8256	26.7095
204.978	24.052
205.1304	23.8837
205.2828	24.4581
205.4352	25.8288
205.5876	23.3156
205.74	21.7978
205.8924	20.4361
206.0448	18.5526
206.1972	19.0726
206.3496	19.315
206.502	20.5285
206.6544	22.7473
206.8068	21.4361
206.9592	23.9953
207.1116	22.4935
207.264	22.4682
207.4164	19.1624
207.5688	18.0425
207.7212	17.0564
207.8736	17.7976
208.026	18.8548
208.1784	18.4165
208.3308	18.9331
208.4832	21.4691
208.6356	20.9722
208.788	21.6827
208.9404	20.4506
209.0928	21.419
209.2452	21.3358
209.3976	20.0456
209.55	18.3113
209.7024	17.7144
209.8548	19.3416
210.0072	20.105
210.1596	21.2767
210.312	20.8764
210.4644	21.0548
210.6168	20.6143
210.7692	21.8138
210.9216	22.0958
211.074	22.5013
211.2264	23.8875
211.3788	23.4125
211.5312	23.6025
211.6836	21.4184
211.836	20.2609
211.9884	21.428
212.1408	22.0846
212.2932	22.0307
212.4456	22.6808
212.598	23.6894
212.7504	23.2322
212.9028	23.2344
213.0552	22.5223
213.2076	21.126
213.36	21.5675
213.5124	22.8511
213.6648	20.7463
213.8172	22.1211
213.9696	24.3264
214.122	25.3459
214.2744	24.5529
214.4268	25.3185
214.5792	26.3584
214.7316	28.5493
214.884	32.4656
215.0364	36.5647
215.1888	39.3471
215.3412	42.0838
215.4936	41.0613
215.646	41.1303
215.7984	39.6361
215.9508	40.4709
216.1032	36.075
216.2556	34.225
216.408	35.0563
216.5604	36.1683
216.7128	34.6285
216.8652	29.9939
217.0176	28.9763
217.17	27.2582
217.3224	28.2472
217.4748	25.7293
217.6272	25.0339
217.7796	25.2586
217.932	24.3654
218.0844	22.4892
218.2368	20.6456
218.3892	20.8619
218.5416	21.3568
218.694	22.1994
218.8464	22.0014
218.9988	21.6917
219.1512	22.3076
219.3036	21.9911
219.456	20.5703
219.6084	17.8981
219.7608	18.4869
219.9132	18.4674
220.0656	19.5088
220.218	18.9745
220.3704	17.3146
220.5228	17.5599
220.6752	16.926
220.8276	16.688
220.98	16.5259
221.1324	17.6286
221.2848	17.8041
221.4372	18.6634
221.5896	17.0225
221.742	15.847
221.8944	18.3623
222.0468	20.4143
222.1992	22.3292
222.3516	22.5388
222.504	23.3019
222.6564	23.6802
222.8088	24.2557
222.9612	24.7563
223.1136	25.0106
223.266	23.4554
223.4184	21.7692
223.5708	21.314
223.7232	24.7997
223.8756	28.3412
224.028	28.7419
224.1804	28.0622
224.3328	25.7135
224.4852	24.4739
224.6376	24.7248
224.79	23.198
224.9424	22.4494
225.0948	24.5117
225.2472	22.6166
225.3996	21.9684
225.552	21.4905
225.7044	22.1878
225.8568	23.657
226.0092	23.1068
226.1616	23.0161
226.314	20.6511
226.4664	19.6078
226.6188	19.7972
226.7712	16.8146
226.9236	17.4404
227.076	15.9607
227.2284	15.3488
227.3808	17.0155
227.5332	16.835
227.6856	16.4141
227.838	16.5591
227.9904	15.2018
228.1428	15.0893
228.2952	15.2901
228.4476	15.5942
228.6	16.1709
228.7524	17.1955
228.9048	15.1004
229.0572	14.4447
229.2096	13.9818
229.362	15.2864
229.5144	14.3295
229.6668	15.0274
229.8192	15.4464
229.9716	13.7513
230.124	13.8141
230.2764	14.1769
230.4288	11.9088
230.5812	13.2371
230.7336	12.9883
230.886	13.226
231.0384	15.124
231.1908	16.9879
231.3432	16.1323
231.4956	14.9894
231.648	16.3192
231.8004	17.0363
231.9528	18.0693
232.1052	18.9218
232.2576	19.3018
232.41	18.3027
232.5624	19.7344
232.7148	18.1537
232.8672	20.7821
233.0196	22.6831
233.172	22.4598
233.3244	20.0813
233.4768	19.6332
233.6292	18.9214
233.7816	16.8873
233.934	16.8161
234.0864	16.8844
234.2388	16.7888
234.3912	17.1426
234.5436	16.6502
234.696	16.986
234.8484	16.8449
235.0008	17.1737
235.1532	18.0412
235.3056	18.5595
235.458	19.3796
235.6104	20.173
235.7628	19.8824
235.9152	19.6509
236.0676	19.8122
236.22	20.6397
236.3724	21.5898
236.5248	23.7905
236.6772	24.5702
236.8296	24.804
236.982	24.0543
237.1344	23.769
237.2868	24.3538
237.4392	25.4895
237.5916	25.1181
237.744	23.2726
237.8964	21.534
238.0488	22.8303
238.2012	24.985
238.3536	26.3894
238.506	26.3782
238.6584	26.2181
238.8108	26.4787
238.9632	27.2005
239.1156	26.0538
239.268	27.6374
239.4204	25.4143
239.5728	23.2354
239.7252	21.4057
239.8776	20.8877
240.03	22.3712
240.1824	23.1669
240.3348	24.0866
240.4872	25.3752
240.6396	25.2441
240.792	24.3338
240.9444	21.8891
241.0968	23.0742
241.2492	25.1379
241.4016	28.5633
241.554	28.0793
241.7064	29.9584
241.8588	31.6381
242.0112	33.6986
242.1636	31.7203
242.316	29.5144
242.4684	28.1835
242.6208	30.8873
242.7732	32.02
242.9256	31.9798
243.078	28.3921
243.2304	27.3479
243.3828	23.4002
243.5352	21.1574
243.6876	19.7476
243.84	18.3403
243.9924	18.6981
244.1448	19.5383
244.2972	20.3453
244.4496	21.1679
244.602	21.3862
244.7544	19.9045
244.9068	20.3353
245.0592	23.207
245.2116	24.4296
245.364	23.519
245.5164	25.1305
245.6688	27.1077
245.8212	29.1434
245.9736	28.5611
246.126	29.633
246.2784	29.6158
246.4308	28.9273
246.5832	26.6583
246.7356	25.0438
246.888	22.893
247.0404	23.8778
247.1928	24.0525
247.3452	25.3941
247.4976	25.8523
247.65	26.6704
247.8024	24.65
247.9548	22.5709
248.1072	23.7832
248.2596	23.0958
248.412	21.6895
248.5644	18.9247
248.7168	18.585
248.8692	17.9173
249.0216	20.76
249.174	23.237
249.3264	25.3285
249.4788	24.3897
249.6312	21.6934
249.7836	20.0341
249.936	19.5802
250.0884	21.4527
250.2408	24.3635
250.3932	24.2838
250.5456	22.2084
250.698	19.2409
250.8504	17.5037
251.0028	16.3368
251.1552	14.5111
251.3076	14.3505
251.46	12.4549
251.6124	13.3719
251.7648	14.8075
251.9172	15.1086
252.0696	15.3341
252.222	16.5236
252.3744	17.2139
252.5268	16.4723
252.6792	14.2605
252.8316	15.3373
252.984	13.9208
253.1364	14.785
253.2888	15.0375
253.4412	15.2535
253.5936	17.1081
253.746	17.6537
253.8984	18.0752
254.0508	18.1991
254.2032	20.0679
254.3556	19.875
254.508	19.9565
254.6604	22.2446
254.8128	24.8456
254.9652	25.2774
255.1176	25.8565
255.27	23.4082
255.4224	24.5653
255.5748	25.6251
255.7272	25.2529
255.8796	24.3097
256.032	23.6545
256.1844	25.8362
256.3368	24.979
256.4892	25.1916
256.6416	25.6147
256.794	26.0662
256.9464	27.2134
257.0988	23.1072
257.2512	21.2109
257.4036	20.0391
257.556	17.7155
257.7084	17.7583
257.8608	16.2273
258.0132	14.4051
258.1656	13.3449
258.318	12.9479
258.4704	14.1088
258.6228	15.697
258.7752	18.6567
258.9276	20.8135
259.08	23.3141
259.2324	25.2962
259.3848	25.9725
259.5372	26.867
259.6896	26.8501
259.842	26.4018
259.9944	28.3001
260.1468	26.9487
260.2992	25.0712
260.4516	22.4739
260.604	21.958
260.7564	20.8741
260.9088	20.7915
261.0612	21.3206
261.2136	19.7772
261.366	18.7615
261.5184	20.607
261.6708	19.4788
261.8232	17.873
261.9756	16.1415
262.128	14.197
262.2804	13.7506
262.4328	14.7479
262.5852	15.9327
262.7376	16.4437
262.89	18.4769
263.0424	18.8963
263.1948	17.0769
263.3472	16.8337
263.4996	17.0596
263.652	15.8774
263.8044	16.2986
263.9568	16.9256
264.1092	19.3973
264.2616	19.6933
264.414	20.737
264.5664	20.7392
264.7188	21.2806
264.8712	21.4453
265.0236	19.577
265.176	20.5224
265.3284	20.8039
265.4808	24.7343
265.6332	27.909
265.7856	30.123
265.938	30.8828
266.0904	31.4867
266.2428	31.7737
266.3952	30.9358
266.5476	29.9199
266.7	28.6334
266.8524	27.2092
267.0048	29.2367
267.1572	26.3057
267.3096	21.7277
267.462	17.3394
267.6144	16.0925
267.7668	16.3006
267.9192	14.3381
268.0716	14.0727
268.224	14.3529
268.3764	14.9621
268.5288	15.0084
268.6812	15.0853
268.8336	16.7715
268.986	17.5566
269.1384	19.241
269.2908	21.5645
269.4432	24.2749
269.5956	28.5909
269.748	29.4858
269.9004	28.1718
270.0528	25.8882
270.2052	24.6506
270.3576	24.7097
270.51	23.7575
270.6624	26.0012
270.8148	26.6999
270.9672	29.442
271.1196	30.3391
271.272	31.5833
271.4244	32.0759
271.5768	31.097
271.7292	32.2078
271.8816	31.3597
272.034	32.2943
272.1864	29.6496
272.3388	29.1338
272.4912	29.255
272.6436	28.9003
272.796	29.8042
272.9484	29.5347
273.1008	31.4429
273.2532	33.6073
273.4056	36.3325
273.558	35.0228
273.7104	34.8349
273.8628	32.8682
274.0152	32.4412
274.1676	29.5019
274.32	28.324
274.4724	25.3498
274.6248	26.876
274.7772	26.9359
274.9296	27.4413
275.082	26.7236
275.2344	27.3269
275.3868	26.3308
275.5392	23.8778
275.6916	21.8147
275.844	19.2689
275.9964	18.5116
276.1488	18.9381
276.3012	18.7828
276.4536	20.3139
276.606	22.2112
276.7584	23.2819
276.9108	23.5754
277.0632	24.8911
277.2156	26.5179
277.368	26.2807
277.5204	28.465
277.6728	28.6708
277.8252	28.2621
277.9776	26.6854
278.13	26.4038
278.2824	26.7998
278.4348	27.4859
278.5872	29.289
278.7396	29.9581
278.892	35.1578
279.0444	34.7372
279.1968	35.4237
279.3492	34.2723
279.5016	35.2219
279.654	32.5084
279.8064	34.6972
279.9588	32.5617
280.1112	32.3061
280.2636	29.7192
280.416	27.307
280.5684	24.1579
280.7208	24.8244
280.8732	25.3729
281.0256	23.2172
281.178	22.5215
281.3304	21.7205
281.4828	18.4769
281.6352	18.4613
281.7876	17.4487
281.94	19.5481
282.0924	19.1407
282.2448	18.9387
282.3972	17.2003
282.5496	17.4443
282.702	17.4982
282.8544	18.2299
283.0068	16.1947
283.1592	17.5481
283.3116	19.0294
283.464	20.8068
283.6164	22.4114
283.7688	22.1822
283.9212	21.3306
284.0736	20.2844
284.226	21.9152
284.3784	22.7294
284.5308	21.1667
284.6832	22.6398
284.8356	21.6605
284.988	20.8314
285.1404	20.2187
285.2928	18.3952
285.4452	18.824
285.5976	20.9079
285.75	23.072
285.9024	21.3655
286.0548	20.8402
286.2072	22.0091
286.3596	21.4375
286.512	20.6475
286.6644	18.8773
286.8168	19.1479
286.9692	18.7778
287.1216	20.4851
287.274	19.7085
287.4264	18.3563
287.5788	16.9985
287.7312	17.1218
287.8836	18.3548
288.036	19.7405
288.1884	20.2854
288.3408	21.452
288.4932	22.5779
288.6456	22.9157
288.798	21.0209
288.9504	19.6655
289.1028	20.6038
289.2552	22.4888
289.4076	22.2271
289.56	21.4567
289.7124	20.0161
289.8648	20.1487
290.0172	21.4978
290.1696	21.1275
290.322	20.0637
290.4744	20.0884
290.6268	20.7246
290.7792	20.6741
290.9316	20.4085
291.084	21.9474
291.2364	20.0169
291.3888	22.6877
291.5412	23.5305
291.6936	21.6525
291.846	19.034
291.9984	19.6741
292.1508	20.2238
292.3032	19.3181
292.4556	20.7709
292.608	19.4981
292.7604	20.3122
292.9128	22.7072
293.0652	26.0486
293.2176	24.9339
293.37	27.1843
293.5224	28.7861
293.6748	27.0592
293.8272	25.1408
293.9796	24.0974
294.132	23.2993
294.2844	24.3296
294.4368	25.2837
294.5892	23.3248
294.7416	20.4762
294.894	19.4985
295.0464	18.0784
295.1988	16.819
295.3512	15.2585
295.5036	14.4071
295.656	15.0189
295.8084	14.7875
295.9608	13.4963
296.1132	12.6561
296.2656	13.892
296.418	14.2398
296.5704	15.4496
296.7228	16.605
296.8752	16.2948
297.0276	17.6124
297.18	18.7097
297.3324	19.7576
297.4848	20.2192
297.6372	20.6436
297.7896	21.2905
297.942	21.054
298.0944	21.445
298.2468	21.4442
298.3992	20.6474
298.5516	19.6263
298.704	19.1736
298.8564	18.3299
299.0088	18.3988
299.1612	17.9138
299.3136	19.8789
299.466	19.1949
299.6184	19.0311
299.7708	16.6236
299.9232	14.4791
300.0756	14.1066
300.228	14.7329
300.3804	17.3681
300.5328	17.9736
300.6852	19.1388
300.8376	19.0471
300.99	18.2901
301.1424	18.6428
301.2948	18.305
301.4472	17.1878
301.5996	16.4712
301.752	16.2014
301.9044	15.0731
302.0568	13.2579
302.2092	13.896
302.3616	12.6616
302.514	12.4304
302.6664	12.8906
302.8188	13.7724
302.9712	14.5617
303.1236	15.1165
303.276	12.4897
303.4284	11.4872
303.5808	11.5299
303.7332	13.6326
303.8856	12.9885
304.038	12.7802
304.1904	13.4577
304.3428	13.501
304.4952	14.164
304.6476	14.2608
304.8	16.0092
304.9524	16.9966
305.1048	17.4417
305.2572	17.1763
305.4096	15.1609
305.562	14.3645
305.7144	15.3643
305.8668	16.025
306.0192	14.63
306.1716	12.5347
306.324	12.3137
306.4764	12.1394
306.6288	11.9236
306.7812	11.0236
306.9336	10.177
307.086	8.822
307.2384	9.4363
307.3908	10.0591
307.5432	10.4119
307.6956	9.9424
307.848	9.7153
308.0004	8.6927
308.1528	7.5193
308.3052	7.7674
308.4576	7.1007
308.61	7.1073
308.7624	8.226
308.9148	8.1448
309.0672	8.5765
309.2196	8.6879
309.372	9.1668
309.5244	8.5393
309.6768	9.6395
309.8292	9.1267
309.9816	9.629
310.134	8.9189
310.2864	8.8768
310.4388	8.1017
310.5912	8.1272
310.7436	7.5189
310.896	7.1095
311.0484	6.6756
311.2008	7.9724
311.3532	6.628
311.5056	6.7936
311.658	5.8288
311.8104	4.8893
311.9628	4.5038
312.1152	5.6073
312.2676	6.1488
312.42	7.8187
312.5724	7.8404
312.7248	6.7004
312.8772	5.8856
313.0296	6.7883
313.182	5.7758
313.3344	5.5971
313.4868	6.0676
313.6392	7.1784
313.7916	6.8282
313.944	6.3924
314.0964	5.2812
314.2488	5.545
314.4012	6.3318
314.5536	5.1482
314.706	3.9748
314.8584	4.1534
315.0108	4.2788
315.1632	4.1105
315.3156	3.7068
315.468	3.6605
315.6204	4.3334
315.7728	4.9477
315.9252	4.5387
316.0776	4.6805
316.23	4.8855
316.3824	5.2771
316.5348	4.8084
316.6872	4.8222
316.8396	4.6224
316.992	5.3447
317.1444	5.0955
317.2968	4.1614
317.4492	3.7603
317.6016	3.5039
317.754	3.98
317.9064	4.9525
318.0588	5.0561
318.2112	4.923
318.3636	4.4903
318.516	5.0647
318.6684	4.7978
318.8208	4.3338
318.9732	4.5909
319.1256	4.687
319.278	4.9777
319.4304	5.1029
319.5828	6.0662
319.7352	6.0495
319.8876	6.1351
320.04	5.8341
320.1924	5.7838
320.3448	5.1027
320.4972	5.269
320.6496	6.2741
320.802	6.3318
320.9544	7.0796
321.1068	5.9614
321.2592	5.2995
321.4116	4.6619
321.564	5.1066
321.7164	5.278
321.8688	5.3388
322.0212	5.8219
322.1736	6.3416
322.326	5.3526
322.4784	5.2413
322.6308	4.578
322.7832	4.9767
322.9356	5.4589
323.088	5.5751
323.2404	6.601
323.3928	7.1492
323.5452	7.975
323.6976	7.5257
323.85	7.843
324.0024	7.7981
324.1548	7.7984
324.3072	7.5899
324.4596	8.2412
324.612	9.1794
324.7644	8.3018
324.9168	6.6855
325.0692	6.399
325.2216	6.3867
325.374	6.7311
325.5264	6.5081
325.6788	6.7452
325.8312	6.4483
325.9836	5.6764
326.136	6.5221
326.2884	4.697
326.4408	5.1942
326.5932	5.4966
326.7456	5.5372
326.898	4.926
327.0504	4.7242
327.2028	3.7296
327.3552	4.1691
327.5076	3.9298
327.66	4.2825
327.8124	3.9894
327.9648	4.5413
328.1172	4.1092
328.2696	4.1535
328.422	3.3477
328.5744	3.5672
328.7268	3.0883
328.8792	3.1257
329.0316	3.1827
329.184	3.5487
329.3364	2.8343
329.4888	3.3083
329.6412	3.3398
329.7936	3.6282
329.946	2.9658
330.0984	5.0988
330.2508	4.0075
330.4032	4.4126
330.5556	4.741
330.708	4.249
330.8604	4.1433
331.0128	4.2111
331.1652	3.6353
331.3176	3.8735
331.47	3.7144
331.6224	3.7789
331.7748	2.6193
331.9272	2.4807
332.0796	2.635
332.232	2.8233
332.3844	2.7671
332.5368	3.0639
332.6892	3.0723
332.8416	2.8719
332.994	3.3141
333.1464	3.8061
333.2988	3.2294
333.4512	2.0795
333.6036	3.0228
333.756	3.4491
333.9084	2.9849
334.0608	3.5453
334.2132	3.0224
334.3656	3.2232
334.518	3.4315
334.6704	3.2026
334.8228	4.2841
334.9752	6.4316
335.1276	7.4189
335.28	7.8002
335.4324	7.1315
335.5848	6.8557
335.7372	7.5791
335.8896	8.2888
336.042	7.7868
336.1944	8.6138
336.3468	8.4514
336.4992	8.4336
336.6516	7.0182
336.804	6.5973
336.9564	5.6672
337.1088	5.9757
337.2612	6.4112
337.4136	5.565
337.566	5.1791
337.7184	5.1128
337.8708	4.6415
338.0232	3.6829
338.1756	3.3373
338.328	3.4748
338.4804	3.0744
338.6328	2.4673
338.7852	1.0338
338.9376	0.7129
339.09	0.239
339.2424	0.2402
339.3948	-0.4271
339.5472	-0.289
339.6996	0.9668
339.852	1.0259
340.0044	0.8405
340.1568	0.9251
340.3092	0.7259
340.4616	1.578
340.614	1.8031
340.7664	2.027
340.9188	2.1483
341.0712	2.2487
341.2236	2.3179
341.376	2.0528
341.5284	3.2501
341.6808	3.0696
341.8332	2.7874
341.9856	3.0502
342.138	3.8051
342.2904	3.6405
342.4428	3.2934
342.5952	3.7816
342.7476	4.111
342.9	5.0613
343.0524	4.4326
343.2048	4.2645
343.3572	4.3088
343.5096	4.3747
343.662	5.3156
343.8144	5.5294
343.9668	5.6438
344.1192	5.5511
344.2716	4.148
344.424	4.5072
344.5764	4.4387
344.7288	4.3597
344.8812	4.7213
345.0336	4.142
345.186	4.899
345.3384	5.3233
345.4908	4.84
345.6432	4.751
345.7956	5.4618
345.948	7.0914
346.1004	6.048
346.2528	5.1678
346.4052	5.0028
346.5576	3.9887
346.71	4.3336
346.8624	3.7112
347.0148	3.4151
347.1672	3.6543
347.3196	4.1003
347.472	3.328
347.6244	2.0846
347.7768	2.7656
347.9292	4.7699
348.0816	5.2275
348.234	5.0922
348.3864	4.8882
348.5388	5.7834
348.6912	5.5009
348.8436	5.4766
348.996	4.922
349.1484	6.1056
349.3008	6.6479
349.4532	6.2592
349.6056	4.2936
349.758	4.1411
349.9104	3.7246
350.0628	5.0586
350.2152	4.8501
350.3676	5.0415
350.52	4.8867
350.6724	4.9353
350.8248	3.6613
350.9772	2.9384
351.1296	3.8466
351.282	4.2275
351.4344	4.596
351.5868	4.9246
351.7392	3.4864
351.8916	4.1762
352.044	4.3979
352.1964	4.06
352.3488	3.2083
352.5012	3.026
352.6536	4.2948
352.806	3.8361
352.9584	3.4371
353.1108	2.8325
353.2632	2.6002
353.4156	4.2735
353.568	3.8986
353.7204	3.1129
353.8728	4.3274
354.0252	5.1904
354.1776	4.7188
354.33	4.2576
354.4824	4.1417
354.6348	4.7406
354.7872	4.9001
354.9396	5.1563
355.092	3.2018
355.2444	3.2454
355.3968	3.9208
355.5492	4.4092
355.7016	4.9962
355.854	5.2391
356.0064	5.3709
356.1588	5.7622
356.3112	5.2141
356.4636	4.3963
356.616	4.3861
356.7684	4.9673
356.9208	5.5153
357.0732	5.4004
357.2256	4.0196
357.378	3.3498
357.5304	3.2708
357.6828	3.1137
357.8352	3.1803
357.9876	3.7413
358.14	4.3054
358.2924	4.5029
358.4448	5.1103
358.5972	4.7548
358.7496	5.1597
358.902	5.464
359.0544	5.206
359.2068	6.2413
359.3592	5.8319
359.5116	5.0695
359.664	4.7119
359.8164	5.4985
359.9688	5.8047
360.1212	5.229
360.2736	4.2636
360.426	3.8669
360.5784	4.3408
360.7308	4.5758
360.8832	4.9183
361.0356	5.4649
361.188	5.0154
361.3404	4.7425
361.4928	4.0743
361.6452	3.9793
361.7976	4.0173
361.95	4.9543
362.1024	4.7049
362.2548	4.7417
362.4072	4.6149
362.5596	3.4214
362.712	2.7349
362.8644	3.3273
363.0168	3.7327
363.1692	4.0637
363.3216	3.9636
363.474	4.1009
363.6264	3.7083
363.7788	3.7694
363.9312	3.8413
364.0836	3.8414
364.236	3.7029
364.3884	4.0937
364.5408	3.4022
364.6932	3.0042
364.8456	2.3856
364.998	2.3117
365.1504	1.9071
365.3028	1.724
365.4552	2.37
365.6076	2.4629
365.76	2.7794
365.9124	2.1345
366.0648	2.3922
366.2172	2.7244
366.3696	2.5277
366.522	2.4932
366.6744	3.2528
366.8268	3.2067
366.9792	3.2614
367.1316	2.9312
367.284	3.0353
367.4364	2.7715
367.5888	4.1441
367.7412	3.8193
367.8936	4.0047
368.046	5.062
368.1984	5.5706
368.3508	4.0024
368.5032	4.2195
368.6556	3.9774
368.808	4.7768
368.9604	4.4228
369.1128	3.9631
369.2652	3.4136
369.4176	3.3194
369.57	3.8271
369.7224	3.7214
369.8748	3.9453
370.0272	4.0306
370.1796	4.2468
370.332	4.0528
370.4844	3.9457
370.6368	4.0713
370.7892	4.5195
370.9416	5.0146
371.094	4.8416
371.2464	4.213
371.3988	3.7809
371.5512	3.9245
371.7036	4.0427
371.856	4.0609
372.0084	3.746
372.1608	3.414
372.3132	3.8768
372.4656	4.9266
372.618	4.3243
372.7704	4.82
372.9228	5.1985
373.0752	5.8401
373.2276	5.4118
373.38	6.7616
373.5324	7.7026
373.6848	9.301
373.8372	9.794
373.9896	8.2904
374.142	7.2883
374.2944	7.1746
374.4468	6.8424
374.5992	7.3197
374.7516	5.826
374.904	5.3875
375.0564	4.2108
375.2088	4.8103
375.3612	3.725
375.5136	3.5832
375.666	3.6482
375.8184	4.8946
375.9708	6.1963
376.1232	6.7388
376.2756	5.1808
376.428	5.3573
376.5804	5.74
376.7328	6.0475
376.8852	6.6427
377.0376	6.2316
377.19	6.1737
377.3424	7.41
377.4948	6.7746
377.6472	6.4234
377.7996	5.978
377.952	6.0701
378.1044	5.7118
378.2568	5.7735
378.4092	5.7684
378.5616	4.5443
378.714	5.1588
378.8664	4.8104
379.0188	4.4039
379.1712	5.1088
379.3236	4.759
379.476	4.1103
379.6284	4.0967
379.7808	4.3201
379.9332	4.5637
380.0856	4.5346
380.238	4.8143
380.3904	4.7709
380.5428	5.376
380.6952	5.0423
380.8476	3.9312
381	3.2072
381.1524	3.878
381.3048	4.4392
381.4572	4.9169
381.6096	4.3471
381.762	4.6419
381.9144	4.7767
382.0668	5.2978
382.2192	4.9945
382.3716	4.1845
382.524	4.5081
382.6764	5.0247
382.8288	4.4883
382.9812	5.0803
383.1336	5.4408
383.286	6.0003
383.4384	6.6002
383.5908	6.804
383.7432	5.9047
383.8956	6.1438
384.048	6.5837
384.2004	6.0648
384.3528	6.8163
384.5052	7.1862
384.6576	7.2803
384.81	6.5851
384.9624	7.205
385.1148	5.9591
385.2672	6.4894
385.4196	5.59
385.572	6.4267
385.7244	6.1379
385.8768	6.9161
386.0292	5.4658
386.1816	4.8501
386.334	4.4542
386.4864	5.0457
386.6388	4.4403
386.7912	5.6688
386.9436	5.2958
387.096	6.2299
387.2484	6.9265
387.4008	7.5373
387.5532	7.4537
387.7056	6.9777
387.858	6.1335
388.0104	5.3027
388.1628	5.3589
388.3152	5.3826
388.4676	4.249
388.62	3.2888
388.7724	3.3987
388.9248	1.8985
389.0772	2.3114
389.2296	2.341
389.382	3.2915
389.5344	4.9152
389.6868	5.7382
389.8392	6.1308
389.9916	5.4794
390.144	6.4047
390.2964	6.4983
390.4488	5.8243
390.6012	7.2302
390.7536	6.9763
390.906	7.0917
391.0584	5.8943
391.2108	5.9942
391.3632	5.7399
391.5156	5.0804
391.668	6.1608
391.8204	5.4663
391.9728	6.0644
392.1252	5.6415
392.2776	5.2555
392.43	5.1895
392.5824	4.7251
392.7348	4.9919
392.8872	4.8722
393.0396	5.6942
393.192	6.374
393.3444	6.76
393.4968	7.393
393.6492	8.1987
393.8016	9.9215
393.954	10.2665
394.1064	9.5618
394.2588	8.6083
394.4112	8.1856
394.5636	7.317
394.716	7.4196
394.8684	6.4901
395.0208	4.9375
395.1732	4.53
395.3256	3.9136
395.478	5.1224
395.6304	4.8061
395.7828	5.6658
395.9352	5.684
396.0876	5.0126
396.24	5.456
396.3924	5.7229
396.5448	6.3788
396.6972	7.2536
396.8496	6.9129
397.002	6.1328
397.1544	5.0902
397.3068	4.6389
397.4592	4.184
397.6116	4.2444
397.764	5.6027
397.9164	5.7756
398.0688	5.8984
398.2212	5.9029
398.3736	5.1396
398.526	5.5563
398.6784	5.6955
398.8308	4.4571
398.9832	4.7716
399.1356	5.5158
399.288	5.6809
399.4404	4.6441
399.5928	4.7135
399.7452	4.2128
399.8976	4.1922
400.05	5.2294
400.2024	5.2279
400.3548	5.753
400.5072	5.8067
400.6596	6.2728
400.812	5.301
400.9644	4.859
401.1168	4.9929
401.2692	4.8589
401.4216	4.818
401.574	4.0355
401.7264	3.2598
401.8788	3.6737
402.0312	3.2418
402.1836	3.3743
402.336	3.3851
402.4884	3.1177
402.6408	3.925
402.7932	4.6321
402.9456	4.5958
403.098	4.4846
403.2504	4.7539
403.4028	4.6438
403.5552	4.8841
403.7076	4.8985
403.86	5.5198
404.0124	5.1036
404.1648	5.2351
404.3172	4.9676
404.4696	4.4592
404.622	4.6047
404.7744	3.7253
404.9268	3.856
405.0792	4.1214
405.2316	3.7742
405.384	4.0437
405.5364	3.7025
405.6888	4.1154
405.8412	4.2655
405.9936	4.0877
406.146	4.1958
406.2984	3.6069
406.4508	5.882
406.6032	6.5079
406.7556	7.2401
406.908	6.6368
407.0604	6.4045
407.2128	6.1165
407.3652	7.217
407.5176	7.1844
407.67	6.9979
407.8224	6.6172
407.9748	7.3151
408.1272	5.5375
408.2796	5.7047
408.432	4.7657
408.5844	4.189
408.7368	3.98
408.8892	4.6302
409.0416	3.7065
409.194	4.3845
409.3464	3.8807
409.4988	4.3027
409.6512	4.0224
409.8036	4.3566
409.956	4.1412
410.1084	3.7628
410.2608	3.9388
410.4132	2.8585
410.5656	2.3591
410.718	1.9461
410.8704	1.2861
411.0228	1.9853
411.1752	2.7841
411.3276	2.7907
411.48	2.6914
411.6324	2.5297
411.7848	3.4453
411.9372	4.2381
412.0896	4.6973
412.242	4.7791
412.3944	4.5544
412.5468	5.1611
412.6992	4.5895
412.8516	4.4637
413.004	5.913
413.1564	5.0016
413.3088	5.3405
413.4612	4.8239
413.6136	3.6691
413.766	3.8486
413.9184	4.9322
414.0708	5.6891
414.2232	5.2019
414.3756	6.0708
414.528	5.7226
414.6804	5.1049
414.8328	6.0971
414.9852	4.8226
415.1376	3.9937
415.29	4.8599
415.4424	5.5528
415.5948	4.8108
415.7472	5.4831
415.8996	5.862
416.052	5.8627
416.2044	5.9964
416.3568	5.5181
416.5092	4.2301
416.6616	4.7631
416.814	4.5864
416.9664	3.7489
417.1188	2.9926
417.2712	2.6148
417.4236	1.6538
417.576	2.3189
417.7284	2.7546
417.8808	2.1176
418.0332	2.0755
418.1856	2.6977
418.338	2.7967
418.4904	2.9335
418.6428	3.3777
418.7952	4.0547
418.9476	4.3854
419.1	6.2096
419.2524	5.8792
419.4048	5.0262
419.5572	5.3681
419.7096	4.0401
419.862	3.9915
420.0144	3.5398
420.1668	5.1502
420.3192	5.9116
420.4716	6.3986
420.624	5.9709
420.7764	4.522
420.9288	3.9648
421.0812	4.4199
421.2336	4.9205
421.386	5.5551
421.5384	5.0679
421.6908	5.6583
421.8432	5.6419
421.9956	4.6904
422.148	4.3548
422.3004	5.4209
422.4528	6.5156
422.6052	7.4288
422.7576	6.4516
422.91	5.7029
423.0624	5.5566
423.2148	5.074
423.3672	4.0971
423.5196	3.5835
423.672	4.6671
423.8244	4.5682
423.9768	4.9008
424.1292	4.5708
424.2816	4.0819
424.434	4.428
424.5864	4.1589
424.7388	4.4257
424.8912	5.2637
425.0436	6.3862
425.196	6.9246
425.3484	6.0755
425.5008	5.9358
425.6532	5.8977
425.8056	5.7656
425.958	5.6433
426.1104	4.8352
426.2628	3.9635
426.4152	4.0858
426.5676	4.6771
426.72	3.9699
426.8724	3.286
427.0248	3.1748
427.1772	3.1757
427.3296	3.4403
427.482	3.7854
427.6344	4.0449
427.7868	4.7365
427.9392	5.6777
428.0916	5.3929
428.244	5.562
428.3964	5.5226
428.5488	5.0654
428.7012	4.8742
428.8536	5.5594
429.006	5.3982
429.1584	5.0528
429.3108	6.4996
429.4632	7.4689
429.6156	8.2366
429.768	8.7054
429.9204	8.2123
430.0728	7.054
430.2252	7.6198
430.3776	7.0078
430.53	6.3728
430.6824	5.4607
430.8348	5.3628
430.9872	3.4522
431.1396	3.1836
431.292	2.1715
431.4444	1.4267
431.5968	1.9649
431.7492	2.2962
431.9016	2.795
432.054	4.1531
432.2064	3.806
432.3588	4.1756
432.5112	4.5478
432.6636	5.1023
432.816	4.7376
432.9684	5.8514
433.1208	5.9014
433.2732	5.4677
433.4256	6.1475
433.578	5.7279
433.7304	4.5242
433.8828	4.2929
434.0352	4.726
434.1876	4.7304
434.34	5.6637
434.4924	5.7305
434.6448	4.854
434.7972	5.0128
434.9496	6.7004
435.102	6.3418
435.2544	6.0973
435.4068	5.8368
435.5592	5.9567
435.7116	5.254
435.864	5.1146
436.0164	5.007
436.1688	4.7615
436.3212	4.9795
436.4736	5.2738
436.626	3.7863
436.7784	3.4141
436.9308	2.571
437.0832	2.6176
437.2356	2.9571
437.388	2.4162
437.5404	2.4223
437.6928	2.6825
437.8452	2.1935
437.9976	3.1258
438.15	2.323
438.3024	1.8744
438.4548	2.3783
438.6072	2.8501
438.7596	3.0036
438.912	3.646
439.0644	4.7613
439.2168	4.1779
439.3692	3.896
439.5216	4.3424
439.674	3.6019
439.8264	4.0431
439.9788	4.0786
440.1312	3.8612
440.2836	4.4115
440.436	4.5062
440.5884	3.6019
440.7408	3.0826
440.8932	2.8545
441.0456	3.0775
441.198	2.3693
441.3504	2.3888
441.5028	2.1055
441.6552	3.0115
441.8076	2.7606
441.96	2.517
442.1124	2.9225
442.2648	3.0253
442.4172	3.0337
442.5696	3.7483
442.722	3.5732
442.8744	3.9097
443.0268	5.3544
443.1792	6.7174
443.3316	5.6805
443.484	5.5485
443.6364	6.1454
443.7888	6.1182
443.9412	6.951
444.0936	7.0903
444.246	6.5027
444.3984	6.235
444.5508	6.7944
444.7032	6.1465
444.8556	4.5659
445.008	4.3634
445.1604	5.4021
445.3128	5.971
445.4652	5.5107
445.6176	5.2737
445.77	4.3197
445.9224	4.157
446.0748	4.7919
446.2272	4.9843
446.3796	4.7497
446.532	4.2822
446.6844	4.3585
446.8368	4.2995
446.9892	3.9908
447.1416	4.6467
447.294	4.36
447.4464	4.92
447.5988	5.2095
447.7512	4.5092
447.9036	4.0228
448.056	3.6969
448.2084	4.8434
448.3608	5.6193
448.5132	5.0837
448.6656	5.3945
448.818	4.6505
448.9704	5.2893
449.1228	5.365
449.2752	5.0753
449.4276	4.4533
449.58	4.1225
449.7324	4.1692
449.8848	3.6941
450.0372	3.4725
450.1896	3.4359
450.342	3.422
450.4944	3.7708
450.6468	3.0834
450.7992	1.9011
450.9516	1.5992
451.104	1.3993
451.2564	1.7054
451.4088	1.9537
451.5612	2.7417
451.7136	3.5948
451.866	4.0369
452.0184	4.2592
452.1708	4.495
452.3232	5.4876
452.4756	6.5661
452.628	6.5469
452.7804	7.0088
452.9328	7.3398
453.0852	8.2884
453.2376	9.2689
453.39	9.448
453.5424	9.2863
453.6948	8.117
453.8472	7.5308
453.9996	6.3147
454.152	6.4391
454.3044	6.2946
454.4568	6.1082
454.6092	5.7351
454.7616	4.7962
454.914	3.8544
455.0664	3.4691
455.2188	2.8784
455.3712	2.8794
455.5236	3.4477
455.676	4.2184
455.8284	4.4572
455.9808	4.5797
456.1332	4.7382
456.2856	4.4965
456.438	4.3879
456.5904	4.8093
456.7428	4.4991
456.8952	4.7951
457.0476	4.3211
457.2	4.5694
457.3524	4.1684
457.5048	3.8662
457.6572	4.3961
457.8096	4.6626
457.962	4.4955
458.1144	5.1708
458.2668	4.3407
458.4192	4.1251
458.5716	4.3408
458.724	5.3685
458.8764	5.1134
459.0288	5.3745
459.1812	4.5843
459.3336	4.408
459.486	4.5036
459.6384	4.7381
459.7908	3.5706
459.9432	3.4293
460.0956	3.4405
460.248	3.4146
460.4004	2.6486
460.5528	2.0447
460.7052	1.7223
460.8576	2.8017
461.01	2.8845
461.1624	2.9588
461.3148	2.9604
461.4672	4.6
461.6196	5.6256
461.772	5.147
461.9244	4.8804
462.0768	5.1869
462.2292	6.2521
462.3816	6.7479
462.534	6.3096
462.6864	5.9748
462.8388	5.8325
462.9912	6.1129
463.1436	4.387
463.296	3.1989
463.4484	4.0024
463.6008	3.7795
463.7532	3.2093
463.9056	2.432
464.058	2.5472
464.2104	2.642
464.3628	3.2483
464.5152	4.0055
464.6676	4.6768
464.82	5.5443
464.9724	6.0972
465.1248	5.9
465.2772	6.0922
465.4296	6.5271
465.582	6.4006
465.7344	6.1934
465.8868	6.373
466.0392	6.1313
466.1916	5.4544
466.344	5.01
466.4964	4.1142
466.6488	3.7086
466.8012	3.9597
466.9536	3.0831
467.106	2.3985
467.2584	2.8273
467.4108	2.2089
467.5632	2.5501
467.7156	2.0532
467.868	1.9012
468.0204	1.9658
468.1728	2.3077
468.3252	2.0964
468.4776	2.2458
468.63	3.379
468.7824	4.085
468.9348	3.3104
469.0872	4.9551
469.2396	4.3187
469.392	5.2577
469.5444	5.4524
469.6968	6.1748
469.8492	6.2682
470.0016	6.5728
470.154	7.0631
470.3064	6.1755
470.4588	6.0587
470.6112	6.7506
470.7636	5.9111
470.916	5.4437
471.0684	5.4515
471.2208	5.7307
471.3732	5.6235
471.5256	5.7635
471.678	5.2584
471.8304	5.7817
471.9828	6.4236
472.1352	7.0876
472.2876	7.7716
472.44	7.5925
472.5924	8.4954
472.7448	7.6995
472.8972	7.9642
473.0496	7.6639
473.202	8.4102
473.3544	8.8618
473.5068	7.973
473.6592	7.7962
473.8116	6.7199
473.964	5.4725
474.1164	4.6336
474.2688	4.102
474.4212	3.8537
474.5736	4.4082
474.726	3.4843
474.8784	3.5378
475.0308	3.0699
475.1832	3.6212
475.3356	2.6668
475.488	4.7338
475.6404	4.2484
475.7928	4.5126
475.9452	4.9417
476.0976	5.4966
476.25	4.4463
476.4024	5.4303
476.5548	4.4661
476.7072	4.5728
476.8596	4.0003
477.012	4.8618
477.1644	2.9219
477.3168	3.3464
477.4692	3.6156
477.6216	3.7361
477.774	3.0355
477.9264	3.8063
478.0788	4.0334
478.2312	4.3858
478.3836	5.2501
478.536	5.151
478.6884	4.9543
478.8408	5.6037
478.9932	5.0959
479.1456	5.1394
479.298	4.5634
479.4504	5.3821
479.6028	4.7019
479.7552	4.0273
479.9076	5.1113
480.06	5.0085
480.2124	5.1172
480.3648	5.3763
480.5172	5.4207
480.6696	6.2418
480.822	6.0685
480.9744	5.2477
481.1268	5.2589
481.2792	4.8025
481.4316	4.6219
481.584	4.3611
481.7364	4.6
481.8888	4.6518
482.0412	4.5357
482.1936	4.2634
482.346	4.2775
482.4984	4.014
482.6508	4.7213
482.8032	4.8383
482.9556	5.3567
483.108	5.5692
483.2604	5.0874
483.4128	5.1902
483.5652	5.7244
483.7176	5.4678
483.87	5.3857
484.0224	4.4415
484.1748	4.3871
484.3272	4.2456
484.4796	4.673
484.632	5.1524
484.7844	4.8434
484.9368	4.6386
485.0892	3.7075
485.2416	2.8322
485.394	3.0051
485.5464	3.1082
485.6988	3.9968
485.8512	4.7299
486.0036	4.6282
486.156	4.2131
486.3084	4.065
486.4608	5.4299
486.6132	5.4864
486.7656	5.7166
486.918	6.737
487.0704	6.1737
487.2228	5.7866
487.3752	4.7393
487.5276	4.7943
487.68	4.9453
487.8324	5.2554
487.9848	5.2669
488.1372	3.7388
488.2896	2.8376
488.442	3.1345
488.5944	3.3331
488.7468	4.3836
488.8992	3.7425
489.0516	4.3378
489.204	4.3603
489.3564	4.683
489.5088	4.0188
489.6612	3.621
489.8136	3.9595
489.966	3.8642
490.1184	3.2697
490.2708	3.4148
490.4232	3.1324
490.5756	3.2906
490.728	3.0922
490.8804	3.4505
491.0328	3.717
491.1852	3.6601
491.3376	3.8413
491.49	3.993
491.6424	4.7065
491.7948	4.4584
491.9472	4.3323
492.0996	4.7596
492.252	5.1691
492.4044	4.6482
492.5568	3.767
492.7092	4.7906
492.8616	5.2148
493.014	6.0097
493.1664	5.5756
493.3188	4.4549
493.4712	4.673
493.6236	4.4933
493.776	4.5072
493.9284	4.3828
494.0808	4.7451
494.2332	4.3623
494.3856	3.6539
494.538	3.8254
494.6904	3.802
494.8428	3.4916
494.9952	4.1782
495.1476	4.775
495.3	4.4682
495.4524	4.2525
495.6048	3.9187
495.7572	4.6251
495.9096	4.7116
496.062	4.1772
496.2144	4.2936
496.3668	5.1744
496.5192	5.2059
496.6716	4.943
496.824	5.089
496.9764	6.9266
497.1288	6.8339
497.2812	7.799
497.4336	7.0742
497.586	7.0168
497.7384	7.4778
497.8908	6.7509
498.0432	5.433
498.1956	5.9308
498.348	5.8936
498.5004	4.7635
498.6528	3.7419
498.8052	3.3611
498.9576	2.6222
499.11	1.9076
499.2624	1.964
499.4148	2.0233
499.5672	3.1117
499.7196	3.8293
499.872	2.8561
500.0244	3.149
500.1768	3.7992
500.3292	3.584
500.4816	3.6675
500.634	3.982
500.7864	5.2101
500.9388	5.8309
501.0912	5.1962
501.2436	5.1342
501.396	4.8418
501.5484	5.3906
501.7008	5.6016
501.8532	4.5179
502.0056	4.9358
502.158	5.4696
502.3104	5.9442
502.4628	6.3753
502.6152	6.1183
502.7676	6.1011
502.92	6.0482
503.0724	7.3475
503.2248	7.8292
503.3772	6.5398
503.5296	6.9749
503.682	5.8366
503.8344	5.1204
503.9868	4.9351
504.1392	3.9163
504.2916	3.9984
504.444	4.3643
504.5964	4.3725
504.7488	3.0609
504.9012	3.2199
505.0536	4.1862
505.206	4.1408
505.3584	5.0911
505.5108	6.3516
505.6632	7.0209
505.8156	6.9687
505.968	7.0224
506.1204	6.5148
506.2728	7.3135
506.4252	8.33
506.5776	7.8938
506.73	7.9448
506.8824	10.2623
507.0348	10.8764
507.1872	11.1059
507.3396	9.8125
507.492	9.691
507.6444	8.249
507.7968	8.8275
507.9492	7.6253
508.1016	7.7392
508.254	6.9475
508.4064	7.5298
508.5588	5.6438
508.7112	5.8199
508.8636	6.4949
509.016	5.7011
509.1684	6.7465
509.3208	6.6767
509.4732	6.911
509.6256	6.9893
509.778	7.181
509.9304	7.3108
510.0828	6.6234
510.2352	5.901
510.3876	6.9965
510.54	5.462
510.6924	5.5565
510.8448	3.4943
510.9972	4.7207
511.1496	4.2861
511.302	4.738
511.4544	4.9122
511.6068	6.0484
511.7592	6.4065
511.9116	7.377
512.064	6.2287
512.2164	6.2792
512.3688	6.3758
512.5212	5.7743
512.6736	5.0472
512.826	5.4
512.9784	5.5149
513.1308	6.3256
513.2832	5.5411
513.4356	5.3615
513.588	5.4348
513.7404	5.9899
513.8928	6.118
514.0452	6.6273
514.1976	6.9439
514.35	7.5204
514.5024	6.5602
514.6548	6.4296
514.8072	5.5162
514.9596	5.4088
515.112	5.1447
515.2644	5.0204
515.4168	4.5871
515.5692	4.5781
515.7216	4.3227
515.874	6.4247
516.0264	6.9073
516.1788	7.2402
516.3312	7.1659
516.4836	9.226
516.636	8.9613
516.7884	8.0846
516.9408	7.2006
517.0932	8.3477
517.2456	9.5322
517.398	9.1798
517.5504	8.2509
517.7028	7.2764
517.8552	7.6033
518.0076	7.7201
518.16	7.0935
518.3124	6.4806
518.4648	6.1293
518.6172	6.2716
518.7696	4.8141
518.922	3.8891
519.0744	4.6677
519.2268	4.8175
519.3792	4.1343
519.5316	4.3383
519.684	4.4327
519.8364	3.6263
519.9888	4.2647
520.1412	4.7955
520.2936	6.2396
520.446	6.3725
520.5984	6.5464
520.7508	5.9476
520.9032	5.396
521.0556	6.0461
521.208	5.835
521.3604	6.7319
521.5128	6.8738
521.6652	6.9649
521.8176	6.6531
521.97	6.3852
522.1224	6.6225
522.2748	7.042
522.4272	7.6127
522.5796	7.9666
522.732	7.7049
522.8844	9.021
523.0368	8.4623
523.1892	9.1496
523.3416	9.506
523.494	11.5387
523.6464	13.2291
523.7988	14.438
523.9512	15.0471
524.1036	13.9694
524.256	10.3433
524.4084	8.4559
524.5608	6.9186
524.7132	6.9039
524.8656	7.2808
525.018	7.8599
525.1704	7.0029
525.3228	6.2734
525.4752	6.5502
525.6276	6.0465
525.78	5.8849
525.9324	7.0611
526.0848	7.503
526.2372	8.1629
526.3896	7.6827
526.542	6.0053
526.6944	6.0946
526.8468	6.2319
526.9992	5.2446
527.1516	6.134
527.304	6.2364
527.4564	6.0759
527.6088	5.3174
527.7612	6.0043
527.9136	7.0125
528.066	6.9524
528.2184	7.3065
528.3708	7.6895
528.5232	9.1977
528.6756	9.9843
528.828	8.897
528.9804	8.3129
529.1328	7.1672
529.2852	6.5398
529.4376	5.1608
529.59	3.7569
529.7424	3.7114
529.8948	4.0978
530.0472	5.4191
530.1996	6.2107
530.352	7.2501
530.5044	7.6501
530.6568	8.7525
530.8092	8.9913
530.9616	10.3497
531.114	11.2681
531.2664	10.5975
531.4188	9.8635
531.5712	9.2898
531.7236	7.3661
531.876	6.8869
532.0284	6.7544
532.1808	6.6466
532.3332	5.9993
532.4856	5.4826
532.638	5.1275
532.7904	4.1274
532.9428	4.3835
533.0952	4.3957
533.2476	4.3016
533.4	4.2404
533.5524	3.4885
533.7048	4.029
533.8572	7.0995
534.0096	7.8684
534.162	7.979
534.3144	9.2359
534.4668	9.4663
534.6192	10.2008
534.7716	9.9437
534.924	10.0913
535.0764	10.2138
535.2288	10.0097
535.3812	9.9006
535.5336	7.7262
535.686	6.6236
535.8384	6.2564
535.9908	6.5823
536.1432	6.972
536.2956	6.707
536.448	6.9854
536.6004	6.581
536.7528	7.1286
536.9052	7.0036
537.0576	6.7761
537.21	7.3057
537.3624	8.1052
537.5148	7.7041
537.6672	6.6777
537.8196	5.8452
537.972	7.3423
538.1244	7.7128
538.2768	8.7022
538.4292	8.0951
538.5816	7.6575
538.734	7.5703
538.8864	6.3219
539.0388	5.0491
539.1912	5.2284
539.3436	6.5519
539.496	7.4806
539.6484	6.98
539.8008	6.5407
539.9532	5.0284
540.1056	4.7892
540.258	4.2146
540.4104	4.7643
540.5628	4.5769
540.7152	5.4735
540.8676	6.1971
541.02	5.2664
541.1724	5.9994
541.3248	5.092
541.4772	5.0004
541.6296	4.8482
541.782	5.1082
541.9344	4.8971
542.0868	4.885
542.2392	6.4191
542.3916	6.7796
542.544	5.3282
542.6964	5.5566
542.8488	4.2802
543.0012	4.8633
543.1536	4.329
543.306	3.8135
543.4584	4.2607
543.6108	4.0165
543.7632	4.0291
543.9156	3.3518
544.068	4.1084
544.2204	4.3514
544.3728	3.844
544.5252	4.7348
544.6776	4.6664
544.83	6.025
544.9824	6.6276
545.1348	4.9843
545.2872	5.8213
545.4396	6.2878
545.592	6.3778
545.7444	6.5168
545.8968	7.0387
546.0492	7.8864
546.2016	8.0214
546.354	8.3205
546.5064	7.7192
546.6588	7.2698
546.8112	8.8008
546.9636	7.553
547.116	7.25
547.2684	6.6052
547.4208	5.9716
547.5732	5.1798
547.7256	5.217
547.878	4.5741
548.0304	4.1341
548.1828	4.8132
548.3352	4.3588
548.4876	4.2785
548.64	4.8631
548.7924	4.5781
548.9448	3.9822
549.0972	4.6164
549.2496	4.9868
549.402	5.1874
549.5544	5.2958
549.7068	6.3325
549.8592	5.287
550.0116	5.2341
550.164	4.6084
550.3164	4.1267
550.4688	3.9721
550.6212	4.2342
550.7736	4.1886
550.926	4.6824
551.0784	4.645
551.2308	5.4966
551.3832	5.5631
551.5356	6.9454
551.688	7.7001
551.8404	8.6741
551.9928	8.172
552.1452	7.6508
552.2976	8.2089
552.45	8.6532
552.6024	8.8059
552.7548	9.2365
552.9072	8.1726
553.0596	7.2993
553.212	6.6696
553.3644	7.6183
553.5168	7.8206
553.6692	7.4992
553.8216	7.6769
553.974	6.2064
554.1264	6.007
554.2788	5.513
554.4312	5.4286
554.5836	5.7571
554.736	7.466
554.8884	7.4323
555.0408	8.6144
555.1932	8.344
555.3456	8.7618
555.498	9.4077
555.6504	8.867
555.8028	9.1625
555.9552	9.7106
556.1076	9.2948
556.26	8.9926
556.4124	7.6876
556.5648	7.0447
556.7172	6.4178
556.8696	6.2013
557.022	6.0727
557.1744	5.1175
557.3268	5.6744
557.4792	5.2638
557.6316	4.4186
557.784	4.9353
557.9364	4.5871
558.0888	3.2695
558.2412	3.2703
558.3936	3.0793
558.546	4.0587
558.6984	4.1316
558.8508	4.5788
559.0032	4.4581
559.1556	5.122
559.308	4.949
559.4604	4.5318
559.6128	5.266
559.7652	7.1232
559.9176	7.2383
560.07	7.6308
560.2224	8.3489
560.3748	9.1966
560.5272	9.7398
560.6796	10.2368
560.832	10.4374
560.9844	11.3699
561.1368	11.0386
561.2892	10.6319
561.4416	9.5465
561.594	9.4785
561.7464	8.7177
561.8988	7.5149
562.0512	6.9791
562.2036	7.3429
562.356	7.4789
562.5084	7.5015
562.6608	6.471
562.8132	5.5463
562.9656	4.6762
563.118	5.4139
563.2704	5.2402
563.4228	6.3324
563.5752	6.5771
563.7276	6.3949
563.88	6.5344
564.0324	6.4132
564.1848	6.3232
564.3372	6.7176
564.4896	7.575
564.642	8.27
564.7944	7.5932
564.9468	7.7785
565.0992	6.9407
565.2516	5.956
565.404	5.4881
565.5564	3.7193
565.7088	4.4427
565.8612	4.4335
566.0136	4.876
566.166	5.1674
566.3184	5.1512
566.4708	7.7164
566.6232	7.6581
566.7756	7.7342
566.928	7.0737
567.0804	7.9532
567.2328	6.9463
567.3852	6.688
567.5376	6.3719
567.69	5.9278
567.8424	6.2448
567.9948	6.6594
568.1472	4.8635
568.2996	5.5207
568.452	5.667
568.6044	6.2734
568.7568	6
568.9092	5.5936
569.0616	6.0274
569.214	6.5574
569.3664	6.9835
569.5188	6.884
569.6712	7.6135
569.8236	6.6427
569.976	6.8306
570.1284	6.7076
570.2808	7.0369
570.4332	7.4397
570.5856	7.5332
570.738	6.4346
570.8904	6.9067
571.0428	7.0383
571.1952	6.8354
571.3476	5.5127
571.5	5.6654
571.6524	5.0262
571.8048	5.0532
571.9572	4.4584
572.1096	3.7377
572.262	4.6135
572.4144	3.9862
572.5668	3.3452
572.7192	3.0554
572.8716	3.0818
573.024	3.1088
573.1764	4.2652
573.3288	5.3825
573.4812	5.0743
573.6336	5.3905
573.786	4.8292
573.9384	3.6376
574.0908	3.8816
574.2432	4.0008
574.3956	3.9906
574.548	5.2385
574.7004	6.5017
574.8528	6.6166
575.0052	7.0858
575.1576	8.7888
575.31	8.6588
575.4624	9.274
575.6148	9.0488
575.7672	8.8939
575.9196	8.4627
576.072	8.9492
576.2244	9.058
576.3768	8.1993
576.5292	8.2663
576.6816	7.7487
576.834	6.9246
576.9864	8.2704
577.1388	8.9043
577.2912	10.0834
577.4436	9.7552
577.596	10.5127
577.7484	9.029
577.9008	7.6238
578.0532	7.2794
578.2056	6.376
578.358	4.8737
578.5104	5.7591
578.6628	4.1862
578.8152	3.9934
578.9676	4.7048
579.12	4.2524
579.2724	3.1079
579.4248	2.8094
579.5772	2.2998
579.7296	2.5412
579.882	2.3744
580.0344	2.5046
580.1868	1.4479
580.3392	2.0145
580.4916	2.1206
580.644	2.2997
580.7964	2.9048
580.9488	3.2854
581.1012	2.9705
581.2536	2.9409
581.406	2.7919
581.5584	2.8888
581.7108	3.0177
581.8632	3.302
582.0156	3.5261
582.168	3.3983
582.3204	2.4256
582.4728	1.6639
582.6252	1.9918
582.7776	3.261
582.93	4.8991
583.0824	4.7069
583.2348	5.8063
583.3872	5.8688
583.5396	5.5682
583.692	5.7911
583.8444	5.5825
583.9968	6.1925
584.1492	6.5787
584.3016	7.165
584.454	5.6867
584.6064	4.1996
584.7588	3.6512
584.9112	2.9995
585.0636	3.3464
585.216	3.064
585.3684	2.2495
585.5208	2.9632
585.6732	3.8609
585.8256	3.0129
585.978	1.745
586.1304	1.9271
586.2828	2.3012
586.4352	2.62
586.5876	2.4234
586.74	1.6799
586.8924	2.286
587.0448	2.858
587.1972	3.1834
587.3496	3.1601
587.502	4.591
587.6544	6.0303
587.8068	5.2413
587.9592	5.6355
588.1116	5.6022
588.264	6.4109
588.4164	6.9389
588.5688	6.1184
588.7212	5.5143
588.8736	6.2055
589.026	5.8615
589.1784	5.4095
589.3308	4.553
589.4832	5.5714
589.6356	4.529
589.788	5.0813
589.9404	4.6668
590.0928	4.4284
590.2452	6.3813
590.3976	6.6822
590.55	5.5138
590.7024	5.4912
590.8548	6.0468
591.0072	5.8116
591.1596	4.6013
591.312	4.7895
591.4644	4.2852
591.6168	3.9311
591.7692	5.4644
591.9216	3.2442
592.074	4.3261
592.2264	5.1117
592.3788	5.5727
592.5312	5.7379
592.6836	5.2602
592.836	4.7472
592.9884	4.5113
593.1408	4.8534
593.2932	4.866
593.4456	4.4864
593.598	5.1877
593.7504	4.5856
593.9028	3.9919
594.0552	4.8213
594.2076	3.8001
594.36	4.0653
594.5124	4.1552
594.6648	4.8292
594.8172	4.4837
594.9696	4.7115
595.122	4.4419
595.2744	4.0921
595.4268	4.5023
595.5792	4.0851
595.7316	4.9459
595.884	6.0307
596.0364	6.5247
596.1888	6.7126
596.3412	6.5639
596.4936	6.1247
596.646	5.7427
596.7984	5.4743
596.9508	4.9408
597.1032	4.5832
597.2556	5.0564
597.408	4.0502
597.5604	4.6322
597.7128	4.9326
597.8652	5.0865
598.0176	4.3607
598.17	5.8118
598.3224	5.2549
598.4748	5.3761
598.6272	5.9756
598.7796	5.8509
598.932	6.0275
599.0844	6.6021
599.2368	5.308
599.3892	4.737
599.5416	4.2574
599.694	4.6735
599.8464	3.7305
599.9988	3.7657
600.1512	2.9895
600.3036	2.7265
600.456	3.4443
600.6084	2.9138
600.7608	3.3156
600.9132	4.6988
601.0656	4.7032
601.218	4.1606
601.3704	3.5908
601.5228	4.4855
601.6752	5.2811
601.8276	6.5658
601.98	6.6335
602.1324	6.3241
602.2848	7.0096
602.4372	6.771
602.5896	7.096
602.742	8.1019
602.8944	7.5827
603.0468	7.7334
603.1992	6.9582
603.3516	5.889
603.504	5.6415
603.6564	5.4597
603.8088	5.7815
603.9612	5.6291
604.1136	5.7038
604.266	5.4564
604.4184	4.2835
604.5708	4.962
604.7232	3.6861
604.8756	3.4855
605.028	3.9438
605.1804	3.9453
605.3328	4.2846
605.4852	4.4661
605.6376	5.4674
605.79	6.8358
605.9424	7.8328
606.0948	7.7476
606.2472	8.5001
606.3996	7.5072
606.552	8.1573
606.7044	8.4596
606.8568	9.4285
607.0092	9.82
607.1616	8.5147
607.314	6.2526
607.4664	4.9376
607.6188	4.6864
607.7712	5.2249
607.9236	5.0768
608.076	5.9322
608.2284	5.3695
608.3808	5.7761
608.5332	5.0821
608.6856	4.5778
608.838	5.1139
608.9904	5.9895
609.1428	5.9685
609.2952	6.8884
609.4476	8.0928
609.6	8.5715
609.7524	7.9238
609.9048	6.4842
610.0572	5.3985
610.2096	6.0057
610.362	7.0327
610.5144	7.7428
610.6668	6.7427
610.8192	6.3595
610.9716	5.4793
611.124	4.851
611.2764	5.1196
611.4288	5.6243
611.5812	5.208
611.7336	4.7842
611.886	4.5173
612.0384	5.3141
612.1908	5.1361
612.3432	5.8843
612.4956	7.2312
612.648	7.6487
612.8004	8.2399
612.9528	7.1342
613.1052	6.2696
613.2576	6.3005
613.41	6.6436
613.5624	7.6234
613.7148	7.0234
613.8672	7.0827
614.0196	8.3197
614.172	8.431
614.3244	7.8074
614.4768	6.1417
614.6292	7.6001
614.7816	8.2471
614.934	9.8911
615.0864	12.1432
615.2388	12.056
615.3912	10.9168
615.5436	10.9011
615.696	9.478
615.8484	9.3337
616.0008	10.1036
616.1532	13.0127
616.3056	12.3835
616.458	12.3062
616.6104	12.6145
616.7628	12.7991
616.9152	12.9025
617.0676	13.9469
617.22	12.1688
617.3724	11.2934
617.5248	10.3482
617.6772	10.9157
617.8296	10.886
617.982	10.8553
618.1344	10.2896
618.2868	10.3994
618.4392	11.573
618.5916	11.893
618.744	10.1859
618.8964	10.2707
619.0488	10.365
619.2012	11.9178
619.3536	10.9894
619.506	9.7479
619.6584	7.3306
619.8108	6.5317
619.9632	6.2061
620.1156	4.9641
620.268	4.6142
620.4204	4.3776
620.5728	4.8001
620.7252	3.8077
620.8776	5.0884
621.03	5.6582
621.1824	5.9973
621.3348	6.5932
621.4872	6.3677
621.6396	6.3161
621.792	6.714
621.9444	7.9696
622.0968	8.9605
622.2492	8.5882
622.4016	8.9267
622.554	6.116
622.7064	6.6391
622.8588	6.7305
623.0112	6.7439
623.1636	6.0877
623.316	6.0618
623.4684	6.7679
623.6208	5.4559
623.7732	4.8319
623.9256	5.0872
624.078	6.2679
624.2304	7.135
624.3828	7.1379
624.5352	6.6727
624.6876	6.6289
624.84	7.5907
624.9924	7.0917
625.1448	5.8162
625.2972	6.5106
625.4496	7.4092
625.602	7.0157
625.7544	6.2355
625.9068	6.2885
626.0592	5.6546
626.2116	5.345
626.364	3.8895
626.5164	2.5101
626.6688	2.5293
626.8212	3.2112
626.9736	3.1416
627.126	2.6092
627.2784	2.2535
627.4308	1.9179
627.5832	2.6127
627.7356	2.7713
627.888	2.7332
628.0404	2.9829
628.1928	3.4584
628.3452	3.2928
628.4976	3.289
628.65	2.6612
628.8024	2.5941
628.9548	2.7159
629.1072	2.6651
629.2596	1.9982
629.412	1.5348
629.5644	1.703
629.7168	1.924
629.8692	1.5164
630.0216	1.6082
630.174	2.2326
630.3264	3.4483
630.4788	3.1259
630.6312	2.6684
630.7836	2.8985
630.936	3.3613
631.0884	4.5749
631.2408	3.8993
631.3932	3.3145
631.5456	4.3757
631.698	4.2258
631.8504	4.0563
632.0028	2.9888
632.1552	3.2684
632.3076	3.1357
632.46	3.5746
632.6124	3.1213
632.7648	1.833
632.9172	2.5952
633.0696	2.9275
633.222	1.9691
633.3744	1.9124
633.5268	3.0348
633.6792	3.1149
633.8316	2.9856
633.984	3.2964
634.1364	3.5881
634.2888	4.6984
634.4412	5.4937
634.5936	4.3622
634.746	4.5197
634.8984	3.9547
635.0508	4.085
635.2032	2.8165
635.3556	3.4235
635.508	4.0654
635.6604	5.0003
635.8128	4.7624
635.9652	3.4745
636.1176	3.1754
636.27	3.9606
636.4224	3.836
636.5748	4.2818
636.7272	4.3462
636.8796	3.7251
637.032	4.4729
637.1844	3.5907
637.3368	2.7231
637.4892	3.7167
637.6416	4.7221
637.794	4.671
637.9464	4.1078
638.0988	3.9102
638.2512	3.6344
638.4036	3.6271
638.556	3.8262
638.7084	2.8283
638.8608	3.1005
639.0132	3.7275
639.1656	2.4624
639.318	1.9886
639.4704	2.3161
639.6228	2.7965
639.7752	2.7718
639.9276	3.8806
640.08	3.5471
640.2324	4.8138
640.3848	4.8248
640.5372	4.1336
640.6896	2.823
640.842	2.7442
640.9944	2.6532
641.1468	1.8367
641.2992	0.7956
641.4516	1.2692
641.604	0.5852
641.7564	1.5347
641.9088	0.8176
642.0612	2.1527
642.2136	2.689
642.366	3.1634
642.5184	3.8253
642.6708	4.5498
642.8232	4.8136
642.9756	4.5829
643.128	3.566
643.2804	3.4412
643.4328	2.392
643.5852	2.9149
643.7376	2.6265
643.89	2.3605
644.0424	3.5619
644.1948	4.5118
644.3472	3.9915
644.4996	4.9048
644.652	5.3234
644.8044	5.7595
644.9568	5.618
645.1092	5.7274
645.2616	5.356
645.414	4.8476
645.5664	4.9204
645.7188	3.5631
645.8712	1.8367
646.0236	2.4861
646.176	1.7219
646.3284	1.8243
646.4808	2.079
646.6332	2.0256
646.7856	2.3347
646.938	3.9196
647.0904	3.5045
647.2428	3.3709
647.3952	3.477
647.5476	3.5988
647.7	4.7509
647.8524	4.533
648.0048	4.6233
648.1572	4.4579
648.3096	4.4822
648.462	4.1971
648.6144	2.9686
648.7668	3.3225
648.9192	4.2007
649.0716	3.8627
649.224	4.3513
649.3764	3.7629
649.5288	3.4723
649.6812	2.7295
649.8336	2.5304
649.986	3.1154
650.1384	2.9635
650.2908	3.3115
650.4432	3.8748
650.5956	2.7709
650.748	3.6853
650.9004	4.3567
651.0528	4.2216
651.2052	4.8481
651.3576	5.0143
651.51	4.1851
651.6624	4.3596
651.8148	4.7107
651.9672	4.7748
652.1196	4.0007
652.272	3.8928
652.4244	3.2022
652.5768	2.4569
652.7292	2.626
652.8816	2.7602
653.034	3.3045
653.1864	3.7752
653.3388	3.4266
653.4912	3.6339
653.6436	4.0603
653.796	4.1447
653.9484	4.7154
654.1008	5.0882
654.2532	4.9297
654.4056	3.852
654.558	3.782
654.7104	2.9474
654.8628	3.9894
655.0152	3.9751
655.1676	3.4543
655.32	3.6011
655.4724	3.917
655.6248	3.2395
655.7772	3.1327
655.9296	3.3363
656.082	4.128
656.2344	3.3556
656.3868	3.6607
656.5392	2.5228
656.6916	2.4979
656.844	2.9646
656.9964	3.5361
657.1488	2.5158
657.3012	3.7506
657.4536	3.5886
657.606	4.4424
657.7584	4.054
657.9108	4.6209
658.0632	4.6052
658.2156	4.5901
658.368	4.6481
658.5204	4.6293
658.6728	3.7025
658.8252	3.912
658.9776	3.5535
659.13	4.069
659.2824	3.4906
659.4348	3.7
659.5872	3.5822
659.7396	2.9993
659.892	2.7465
660.0444	2.4947
660.1968	2.4442
660.3492	1.982
660.5016	3.1858
660.654	3.2264
660.8064	2.8201
660.9588	2.3235
661.1112	2.6571
661.2636	2.5763
661.416	3.2056
661.5684	3.4326
661.7208	4.0864
661.8732	4.2064
662.0256	5.034
662.178	4.3714
662.3304	4.3019
662.4828	5.2174
662.6352	5.6164
662.7876	5.2195
662.94	4.7686
663.0924	3.9665
663.2448	3.7764
663.3972	3.5127
663.5496	3.0327
663.702	2.4474
663.8544	2.8242
664.0068	3.1971
664.1592	1.5332
664.3116	2.2356
664.464	1.4799
664.6164	2.0824
664.7688	2.6763
664.9212	2.6408
665.0736	2.2238
665.226	3.2323
665.3784	3.1446
665.5308	2.202
665.6832	1.837
665.8356	2.2826
665.988	2.0494
666.1404	3.2653
666.2928	2.6012
666.4452	2.4108
666.5976	2.8103
666.75	2.4678
666.9024	0.9582
667.0548	1.1633
667.2072	1.2368
667.3596	0.9281
667.512	1.0217
667.6644	1.3494
667.8168	0.9161
667.9692	0.9355
668.1216	0.6741
668.274	-0.023
668.4264	0.7907
668.5788	1.7475
668.7312	1.5416
668.8836	1.8499
669.036	2.7797
669.1884	4.1307
669.3408	3.769
669.4932	3.6269
669.6456	3.5432
669.798	3.9793
669.9504	4.8502
670.1028	5.4178
670.2552	5.0319
670.4076	4.8135
670.56	4.9069
670.7124	5.2405
670.8648	4.5844
671.0172	4.461
671.1696	4.71
671.322	4.9106
671.4744	4.8984
671.6268	4.6417
671.7792	4.079
671.9316	4.0219
672.084	3.8358
672.2364	3.6993
672.3888	2.5357
672.5412	2.005
672.6936	1.2352
672.846	1.2868
672.9984	1.1227
673.1508	1.3255
673.3032	1.396
673.4556	1.4507
673.608	1.1079
673.7604	1.3984
673.9128	1.7356
674.0652	2.1705
674.2176	3.0684
674.37	3.3853
674.5224	3.6608
674.6748	3.8394
674.8272	4.049
674.9796	4.3216
675.132	3.9315
675.2844	4.0416
675.4368	4.6797
675.5892	4.4113
675.7416	4.6708
675.894	4.3559
676.0464	4.4109
676.1988	4.4313
676.3512	3.9373
676.5036	2.9751
676.656	2.1307
676.8084	2.0046
676.9608	2.463
677.1132	2.3301
677.2656	2.0344
677.418	1.9402
677.5704	2.4684
677.7228	2.6573
677.8752	1.6989
678.0276	2.6687
678.18	2.8302
678.3324	3.9588
678.4848	3.5039
678.6372	3.1701
678.7896	2.7922
678.942	2.4385
679.0944	2.9167
679.2468	2.5425
679.3992	2.8059
679.5516	2.8424
679.704	2.476
679.8564	2.8534
680.0088	1.7319
680.1612	2.9996
680.3136	2.9253
680.466	3.3481
680.6184	3.1231
680.7708	2.7292
680.9232	2.2968
681.0756	1.6495
681.228	2.3177
681.3804	2.0314
681.5328	1.4468
681.6852	2.2707
681.8376	1.5437
681.99	1.6634
682.1424	2.1319
682.2948	2.4783
682.4472	2.8187
682.5996	2.2286
682.752	2.3108
682.9044	1.0154
683.0568	0.836
683.2092	1.5067
683.3616	2.5822
683.514	3.032
683.6664	3.188
683.8188	2.9749
683.9712	3.5479
684.1236	3.1812
684.276	3.6313
684.4284	4.0128
684.5808	4.6998
684.7332	4.1701
684.8856	4.7931
685.038	3.7515
685.1904	3.0691
685.3428	2.7319
685.4952	2.2895
685.6476	2.1803
685.8	1.6251
685.9524	1.5066
686.1048	1.6153
686.2572	1.5775
686.4096	1.9899
686.562	1.0975
686.7144	1.0494
686.8668	1.5709
687.0192	2.7226
687.1716	2.5943
687.324	2.3441
687.4764	2.9211
687.6288	2.8777
687.7812	3.1471
687.9336	2.8108
688.086	2.7268
688.2384	2.9997
688.3908	3.1859
688.5432	2.9093
688.6956	2.1489
688.848	2.11
689.0004	1.9953
689.1528	1.7964
689.3052	1.5543
689.4576	1.4884
689.61	2.0896
689.7624	3.345
689.9148	2.6488
690.0672	2.6381
690.2196	2.4174
690.372	3.2475
690.5244	3.1725
690.6768	3.1899
690.8292	2.5092
690.9816	2.7664
691.134	2.5222
691.2864	2.3346
691.4388	1.9849
691.5912	1.5875
691.7436	1.4455
691.896	2.1461
692.0484	1.2644
692.2008	1.5793
692.3532	2.3093
692.5056	2.7776
692.658	2.9978
692.8104	3.0695
692.9628	2.676
693.1152	1.6557
693.2676	1.8555
693.42	1.8663
693.5724	1.7686
693.7248	2.7211
693.8772	3.4009
694.0296	2.8449
694.182	2.6336
694.3344	2.9374
694.4868	3.7899
694.6392	4.0685
694.7916	4.6834
694.944	4.8761
695.0964	4.9774
695.2488	4.6645
695.4012	5.1163
695.5536	4.9649
695.706	3.9797
695.8584	3.8198
696.0108	2.8068
696.1632	2.0695
696.3156	2.3422
696.468	2.0449
696.6204	2.2243
696.7728	1.9614
696.9252	2.2195
697.0776	2.1181
697.23	1.3255
697.3824	2.925
697.5348	2.4822
697.6872	4.1736
697.8396	4.5307
697.992	5.3367
698.1444	6.4025
698.2968	6.154
698.4492	6.867
698.6016	6.7945
698.754	8.1836
698.9064	9.0471
699.0588	8.364
699.2112	8.3456
699.3636	6.7962
699.516	6.9271
699.6684	6.8895
699.8208	5.6786
699.9732	5.255
700.1256	4.0769
700.278	3.4438
700.4304	2.2437
700.5828	2.5214
700.7352	2.1576
700.8876	1.6944
701.04	2.3654
701.1924	2.5832
701.3448	2.4864
701.4972	3.6831
701.6496	3.55
701.802	4.6458
701.9544	4.645
702.1068	5.3464
702.2592	4.8457
702.4116	4.5496
702.564	4.1118
702.7164	4.0213
702.8688	3.4957
703.0212	4.0773
703.1736	3.9705
703.326	4.4762
703.4784	3.1717
703.6308	3.3954
703.7832	3.2207
703.9356	3.8658
704.088	4.0639
704.2404	4.242
704.3928	3.9706
704.5452	4.0282
704.6976	4.13
704.85	3.4186
705.0024	4.3602
705.1548	4.5516
705.3072	4.7701
705.4596	4.5577
705.612	4.2697
705.7644	4.5159
705.9168	3.7797
706.0692	3.8676
706.2216	2.9136
706.374	2.9023
706.5264	3.4337
706.6788	2.1565
706.8312	2.3354
706.9836	3.0238
707.136	3.1974
707.2884	3.4791
707.4408	3.5318
707.5932	3.3793
707.7456	3.4398
707.898	4.242
708.0504	4.1842
708.2028	3.4651
708.3552	3.8587
708.5076	3.8372
708.66	2.8235
708.8124	2.8605
708.9648	2.4369
709.1172	2.5152
709.2696	2.198
709.422	2.0459
709.5744	1.9382
709.7268	1.9441
709.8792	2.7025
710.0316	3.027
710.184	2.5419
710.3364	3.0796
710.4888	3.4771
710.6412	3.4483
710.7936	2.7182
710.946	3.8587
711.0984	3.6646
711.2508	3.8704
711.4032	3.6214
711.5556	3.4737
711.708	3.8129
711.8604	4.4398
712.0128	3.9174
712.1652	3.556
712.3176	3.2134
712.47	3.4986
712.6224	2.3928
712.7748	2.6842
712.9272	2.3824
713.0796	2.6893
713.232	2.1705
713.3844	1.5964
713.5368	1.7576
713.6892	2.2579
713.8416	2.4243
713.994	2.7959
714.1464	2.912
714.2988	3.0219
714.4512	3.502
714.6036	3.4603
714.756	3.3065
714.9084	3.581
715.0608	4.5669
715.2132	4.4331
715.3656	4.5221
715.518	4.2788
715.6704	4.4753
715.8228	3.6662
715.9752	3.5286
716.1276	3.3246
716.28	3.6545
716.4324	3.963
716.5848	3.7536
716.7372	2.735
716.8896	1.8987
717.042	1.5904
717.1944	1.8104
717.3468	1.4548
717.4992	2.126
717.6516	2.8625
717.804	2.0511
717.9564	1.8242
718.1088	1.9046
718.2612	2.7972
718.4136	3.1087
718.566	3.1907
718.7184	3.0922
718.8708	3.3509
719.0232	3.1605
719.1756	2.5298
719.328	1.8278
719.4804	2.0973
719.6328	2.0858
719.7852	2.1505
719.9376	1.8453
720.09	1.6095
720.2424	2.2414
720.3948	3.0479
720.5472	4.1244
720.6996	5.4748
720.852	5.634
721.0044	5.1274
721.1568	4.4731
721.3092	3.4771
721.4616	3.5246
721.614	3.5595
721.7664	3.1238
721.9188	3.1833
722.0712	3.1835
722.2236	3.4189
722.376	2.9133
722.5284	3.6082
722.6808	3.519
722.8332	3.805
722.9856	3.7125
723.138	3.6895
723.2904	4.1174
723.4428	6.6706
723.5952	6.0292
723.7476	5.0946
723.9	3.806
724.0524	4.1849
724.2048	4.0914
724.3572	4.4515
724.5096	4.2859
724.662	4.3286
724.8144	4.5218
724.9668	3.4761
725.1192	1.8763
725.2716	1.555
725.424	1.2178
725.5764	1.1989
725.7288	2.472
725.8812	3.1708
726.0336	3.0836
726.186	4.3699
726.3384	4.8466
726.4908	4.9538
726.6432	5.8911
726.7956	6.4568
726.948	6.4574
727.1004	6.8644
727.2528	6.8207
727.4052	4.9545
727.5576	4.7252
727.71	5.0153
727.8624	4.8427
728.0148	4.5919
728.1672	4.3342
728.3196	3.6129
728.472	3.8472
728.6244	4.2742
728.7768	4.4655
728.9292	4.9449
729.0816	5.1392
729.234	3.9473
729.3864	3.5263
729.5388	2.5907
729.6912	2.5594
729.8436	2.652
729.996	3.191
730.1484	2.4998
730.3008	3.1255
730.4532	3.0235
730.6056	3.2522
730.758	3.5611
730.9104	3.8224
731.0628	3.3851
731.2152	3.4859
731.3676	3.2402
731.52	3.303
731.6724	2.5723
731.8248	3.2269
731.9772	2.4432
732.1296	2.6228
732.282	1.9849
732.4344	1.415
732.5868	1.8139
732.7392	1.8833
732.8916	1.394
733.044	1.289
733.1964	2.4399
733.3488	3.3051
733.5012	2.8853
733.6536	2.5849
733.806	2.1084
733.9584	2.1953
734.1108	2.7186
734.2632	2.1904
734.4156	2.454
734.568	3.5801
734.7204	3.4512
734.8728	2.6966
735.0252	2.8028
735.1776	2.9964
735.33	3.2263
735.4824	4.3044
735.6348	4.588
735.7872	3.8874
735.9396	4.2667
736.092	4.2783
736.2444	3.8537
736.3968	4.5509
736.5492	4.2825
736.7016	4.4657
736.854	4.4492
737.0064	4.3457
737.1588	4.4835
737.3112	4.9914
737.4636	5.7491
737.616	5.2055
737.7684	5.0538
737.9208	4.5156
738.0732	4.3251
738.2256	4.1553
738.378	3.7538
738.5304	4.8543
738.6828	5.1142
738.8352	5.4727
738.9876	4.4985
739.14	4.819
739.2924	4.8816
739.4448	4.6051
739.5972	5.0322
739.7496	4.6426
739.902	5.7972
740.0544	5.7418
740.2068	5.1935
740.3592	6.2181
740.5116	4.8255
740.664	4.4059
740.8164	3.9073
740.9688	4.0623
741.1212	5.1056
741.2736	4.3367
741.426	3.642
741.5784	2.3996
741.7308	2.7686
741.8832	2.737
742.0356	1.3128
742.188	1.3984
742.3404	2.2087
742.4928	2.0748
742.6452	2.5851
742.7976	2.0585
742.95	2.86
743.1024	3.1709
743.2548	3.7137
743.4072	2.9944
743.5596	2.9472
743.712	4.4299
743.8644	4.9517
744.0168	4.1599
744.1692	3.8456
744.3216	2.8686
744.474	2.7191
744.6264	2.4291
744.7788	2.8488
744.9312	2.7689
745.0836	3.103
745.236	2.8574
745.3884	1.4681
745.5408	1.4521
745.6932	1.825
745.8456	1.8436
745.998	2.026
746.1504	1.8384
746.3028	1.4905
746.4552	1.4746
746.6076	1.2159
746.76	1.9069
746.9124	1.817
747.0648	2.8455